213 207 15 25
35 0 10 137 106 25 117 212 150 2 77 63 99 58 103 38 52 140 176 110 107 122 124 197 109 138 155 156 148 64 8 90 178 40 185 141 
29 1 10 196 14 70 93 187 80 87 208 36 86 189 67 164 64 8 139 96 172 90 181 71 179 40 185 190 167 210 
23 126 10 212 63 58 103 52 140 176 37 110 107 122 124 197 156 148 64 8 178 40 185 141 
21 177 10 196 14 70 87 208 41 189 67 164 64 8 139 157 96 100 172 179 40 167 
49 98 144 112 22 186 94 51 66 72 74 46 7 75 34 12 111 123 127 77 26 114 115 52 140 176 118 146 120 125 134 81 136 95 189 67 164 139 44 89 211 100 172 90 181 179 97 173 167 193 
52 48 144 112 22 186 94 51 66 72 74 46 7 75 34 111 123 127 77 26 114 115 52 140 176 110 118 146 120 125 134 81 136 95 189 23 67 164 139 44 89 157 211 100 172 90 151 181 179 97 173 167 193 
36 3 32 33 186 24 94 51 209 113 207 121 25 59 101 12 35 187 194 87 2 63 26 132 16 146 120 122 197 138 23 89 170 100 151 175 193 
33 60 32 33 82 56 113 207 121 25 74 59 101 12 35 187 194 2 127 114 16 107 122 125 153 138 86 23 211 170 151 180 175 141 
3 149 119 133 
45 9 119 33 82 24 56 209 113 207 121 72 25 74 59 101 12 35 187 194 36 2 127 38 132 115 16 118 107 120 124 125 136 153 138 155 86 89 96 170 151 178 180 175 184 141 
2 10 69 
2 119 165 
2 104 199 
4 196 188 53 42 
2 14 169 
2 15 47 
3 27 119 133 
2 29 119 
3 133 104 39 
4 88 104 162 39 
5 28 104 163 162 39 
2 78 104 
2 163 15 
2 162 15 
2 39 15 
9 144 166 171 208 58 154 175 182 108 
7 112 18 129 130 30 201 198 
2 22 102 
3 20 27 206 
2 17 27 
2 30 27 
2 31 27 
4 32 115 91 43 
7 33 186 83 111 142 159 97 
6 186 212 19 79 135 78 
2 82 53 
19 91 137 166 117 150 19 79 18 99 200 54 129 130 30 158 201 92 108 198 
19 37 137 166 117 150 19 79 18 99 200 54 129 130 30 158 201 92 108 198 
7 137 6 131 57 190 202 210 
5 24 41 123 116 65 
3 94 83 147 
2 41 73 
2 68 73 
2 43 73 
2 44 73 
14 73 49 161 102 6 92 131 97 57 190 135 78 202 210 
5 46 50 62 203 145 
3 87 50 62 
8 161 50 62 93 21 80 105 174 
8 102 50 62 93 21 80 105 174 
3 50 163 49 
5 51 11 155 156 188 
6 99 55 106 168 76 145 
6 200 55 106 168 76 145 
6 54 55 106 168 76 145 
4 55 171 203 105 
3 56 83 142 
2 7 83 
5 83 184 128 190 210 
10 59 166 66 75 34 77 95 154 182 108 
2 166 168 
2 101 20 
2 77 20 
4 63 20 171 203 
4 145 20 4 17 
3 209 156 198 
2 66 39 
6 106 21 183 84 192 174 
4 113 148 5 188 
12 207 46 171 208 61 143 58 103 134 81 161 102 
2 70 111 
6 121 75 11 95 68 173 
5 72 61 143 103 68 
5 25 204 44 5 128 
10 74 101 4 87 17 63 200 109 71 102 
5 75 154 158 182 183 
2 34 105 
2 62 28 
3 93 84 88 
2 171 28 
3 12 36 38 
2 167 35 
2 35 202 
2 168 152 
2 84 163 
3 85 163 88 
2 86 147 
2 189 147 
2 147 45 
2 187 45 
2 5 203 
2 203 192 
2 92 21 
2 21 85 
2 40 11 
2 11 188 
3 197 4 17 
2 97 4 
2 4 85 
2 128 80 
2 80 192 
2 108 49 
2 49 28 
2 90 194 
2 194 6 
3 105 85 205 
2 208 71 
2 64 61 
2 61 43 
2 8 143 
2 143 68 
2 111 43 
3 26 36 38 
2 36 44 
4 114 41 132 116 
5 115 41 37 116 195 
2 116 117 
2 117 29 
2 118 212 
2 212 13 
2 120 150 
2 150 13 
2 122 123 
2 123 160 
2 124 19 
2 19 13 
2 2 159 
2 127 159 
2 79 29 
2 129 17 
2 130 76 
2 76 31 
2 138 18 
2 18 31 
2 134 99 
2 58 109 
2 103 91 
2 38 91 
3 132 37 195 
2 52 142 
2 140 142 
2 176 91 
2 142 37 
2 110 16 
2 16 116 
2 107 160 
2 146 160 
2 125 159 
2 81 54 
2 109 54 
2 136 204 
2 95 204 
2 204 129 
2 153 154 
2 154 130 
2 155 30 
2 156 148 
2 148 158 
2 158 31 
2 159 160 
2 160 13 
2 13 29 
2 23 65 
2 67 65 
2 164 68 
2 139 43 
2 89 135 
2 157 53 
2 96 78 
2 211 170 
2 170 195 
2 100 65 
2 172 53 
2 151 201 
2 201 6 
2 181 161 
2 71 161 
3 6 85 205 
2 178 5 
2 179 5 
2 180 182 
2 175 183 
2 182 84 
2 183 88 
2 184 92 
2 185 131 
2 131 192 
2 173 57 
2 188 57 
2 57 191 
2 190 191 
3 191 84 88 
2 192 28 
2 53 45 
2 65 195 
2 195 45 
2 45 135 
2 135 78 
2 198 202 
2 141 193 
2 193 162 
2 174 206 
2 202 152 
2 210 205 
2 152 205 
2 205 206 
2 206 162 

