786 741 22 38
6 0 447 686 64 547 233 
94 1 222 681 126 98 279 173 299 659 780 234 243 281 361 763 672 340 408 722 675 704 174 579 321 171 709 750 108 195 565 375 323 249 291 187 476 628 351 493 245 781 210 334 597 531 633 410 154 88 191 301 558 449 573 309 457 289 463 218 377 470 198 264 79 285 651 451 402 511 737 69 80 419 57 560 232 41 212 434 189 488 400 654 381 403 552 441 496 261 569 270 526 242 671 
50 2 194 486 783 274 292 298 183 300 280 255 465 74 585 563 428 425 153 580 477 479 427 152 86 197 688 533 296 351 59 627 210 268 608 162 156 571 246 146 731 499 480 639 553 434 666 600 327 530 452 
8 360 421 99 347 389 327 552 387 
18 4 231 192 205 29 472 494 523 376 335 32 596 495 354 594 674 181 332 
5 667 746 331 383 288 
4 177 746 577 471 
21 35 209 267 628 478 591 490 257 568 32 779 651 535 634 541 549 57 381 452 261 181 
3 8 524 22 
19 469 462 356 391 125 380 713 296 517 481 457 324 377 352 657 295 683 529 244 
4 10 340 171 244 
16 11 302 267 131 502 286 324 377 257 664 352 535 496 526 524 22 
8 12 564 445 313 745 214 372 73 
62 703 126 98 279 173 299 234 281 371 336 429 125 380 709 565 149 532 187 476 628 245 515 517 481 331 633 154 309 289 463 218 568 779 470 198 285 651 297 402 511 80 419 560 41 657 488 400 358 654 295 403 406 552 441 496 261 683 436 270 244 643 572 
3 134 37 340 
3 112 451 297 
18 16 231 300 205 29 472 316 149 494 76 335 79 232 600 495 594 545 332 
2 17 37 
10 253 235 369 556 301 696 519 589 69 695 
33 685 637 91 216 458 777 439 425 527 262 438 489 647 739 426 725 52 432 561 188 139 156 246 731 218 553 588 666 178 654 251 242 648 
14 20 274 216 739 426 512 378 737 530 379 181 332 21 726 
9 58 302 131 502 286 664 526 524 22 
14 101 465 31 108 781 514 598 573 499 511 212 529 263 724 
83 23 756 486 783 292 298 103 280 385 255 465 211 74 585 252 201 121 287 357 371 604 563 428 182 440 444 429 153 160 229 63 580 479 427 86 197 533 476 130 351 3 627 210 268 608 443 566 162 156 571 558 598 246 146 696 376 265 499 475 335 480 591 490 378 297 639 352 541 549 666 596 600 354 601 602 189 379 403 452 624 19 671 21 
6 24 486 191 265 639 219 
9 25 642 221 349 458 52 309 198 613 
27 760 222 659 604 195 565 375 187 618 415 88 463 475 490 402 549 737 80 419 57 560 232 41 569 270 629 89 
82 27 194 681 462 783 292 183 300 280 393 784 211 74 780 234 243 121 287 357 361 356 722 675 391 29 174 425 153 321 713 750 316 149 532 152 249 688 533 296 3 245 59 494 781 268 517 481 522 531 76 562 88 191 301 598 457 731 324 265 519 634 589 553 69 212 434 657 594 400 358 251 295 288 471 441 683 529 624 648 545 555 332 
7 140 746 331 383 577 288 471 
29 350 393 784 361 532 152 688 522 531 562 95 162 449 146 480 591 568 664 264 519 634 589 434 358 383 577 288 471 569 
11 30 209 478 568 32 779 634 541 495 381 181 
3 610 431 609 
7 501 514 431 609 714 73 411 
5 33 464 437 456 151 
5 136 431 714 387 73 
77 7 756 194 486 783 292 298 183 103 280 385 255 465 211 74 585 252 192 121 287 357 371 563 428 182 440 429 153 160 229 63 580 477 479 427 86 197 533 296 130 351 3 59 627 210 268 443 566 162 156 571 598 246 146 731 696 376 265 499 480 378 639 352 541 549 553 666 596 354 189 530 379 452 242 19 671 89 
8 754 738 445 745 214 372 612 169 
3 314 473 60 
7 576 564 445 313 745 214 372 
7 39 227 464 473 60 456 151 
7 40 201 653 686 64 601 602 
5 308 445 214 406 436 
88 607 222 681 126 98 279 173 299 659 780 234 243 281 763 672 340 408 722 675 704 174 579 321 171 709 750 195 565 375 323 249 291 187 476 628 493 245 781 334 597 618 633 410 154 88 191 301 558 449 309 457 289 463 218 377 470 198 264 79 285 651 451 402 511 737 69 80 419 57 560 232 41 212 189 488 400 654 381 403 406 441 496 261 569 436 270 526 671 
5 43 653 686 64 327 
3 111 473 60 
2 45 741 
2 46 640 
2 47 744 
2 691 413 
2 49 394 
2 50 306 
2 51 536 
2 104 749 
2 53 636 
4 363 665 48 551 
2 55 679 
2 56 753 
3 442 70 368 
2 193 707 
2 93 77 
2 697 66 
2 204 758 
2 62 5 
8 236 345 454 752 294 238 71 26 
2 319 761 
2 65 762 
2 757 256 
2 67 616 
2 650 575 
4 37 764 644 766 
6 42 325 96 94 687 273 
2 143 109 
3 72 322 769 
2 172 414 
3 620 491 772 
2 570 284 
5 6 271 453 755 333 
10 756 100 412 605 14 119 85 238 71 611 
2 78 723 
4 326 83 36 482 
3 583 510 751 
2 417 163 
3 82 36 782 
2 83 660 
2 719 341 
2 537 767 
23 86 45 537 339 462 290 259 356 220 391 355 125 237 713 531 293 485 663 748 615 513 687 550 
3 87 45 459 
7 88 45 537 339 580 485 615 
4 191 45 537 339 
2 90 46 
2 15 46 
2 392 46 
2 92 46 
2 98 47 
2 121 47 
6 672 47 719 764 213 656 
2 459 47 
2 13 691 
2 226 691 
2 36 691 
4 239 49 168 329 
2 454 49 
2 325 49 
2 311 50 
2 105 50 
2 106 50 
2 382 50 
2 178 51 
2 701 51 
2 663 51 
2 665 51 
5 166 104 53 67 317 
2 113 104 
2 203 104 
2 662 104 
2 116 53 
2 117 53 
2 118 53 
5 698 363 574 773 75 
4 125 363 506 632 
4 95 363 506 632 
2 122 55 
2 407 55 
2 359 55 
2 397 55 
2 97 56 
2 164 56 
2 774 56 
2 96 56 
6 604 442 326 617 213 550 
7 131 442 326 276 534 446 626 
5 132 442 623 128 318 
2 133 442 
2 699 193 
2 135 193 
2 34 193 
2 137 193 
2 138 93 
2 94 93 
2 115 93 
4 690 697 662 155 
2 388 697 
2 282 697 
2 144 697 
2 145 204 
2 48 204 
2 147 204 
2 148 62 
2 169 62 
2 150 62 
2 179 62 
9 425 236 756 642 221 252 349 130 613 
11 153 236 458 107 108 739 52 432 561 595 728 
2 470 236 
2 716 319 
2 128 319 
2 455 319 
2 158 319 
4 159 65 123 362 
4 160 65 132 454 
2 161 65 
7 391 757 345 752 294 238 71 
5 237 757 132 454 461 
2 550 757 
2 165 67 
2 405 67 
2 544 67 
2 168 650 
2 272 650 
2 70 650 
4 171 37 747 460 
2 295 37 
10 173 42 642 344 676 356 237 713 389 230 
6 174 42 139 293 305 680 
3 156 42 305 
4 731 42 344 709 
2 170 143 
2 649 143 
2 151 143 
2 180 143 
6 330 72 570 328 680 755 
8 182 72 250 228 670 682 504 223 
5 262 72 123 446 528 
5 130 72 250 446 528 
2 208 172 
2 54 172 
2 155 172 
2 317 172 
10 486 620 722 675 645 87 277 712 720 727 
18 750 620 231 785 506 450 320 125 630 346 129 572 687 712 720 614 727 728 
4 162 620 681 572 
3 52 570 592 
3 504 570 322 
2 209 6 
12 195 6 61 206 520 438 645 241 124 647 269 188 
11 532 6 28 763 700 435 704 597 410 547 578 
17 197 6 91 763 700 384 386 408 424 711 31 522 95 178 418 263 724 
2 198 756 
3 199 78 70 
2 200 78 
2 329 78 
2 202 78 
4 401 326 303 670 
5 61 583 13 250 492 
6 205 583 303 644 518 504 
3 206 583 271 
2 755 417 
2 726 417 
2 223 417 
2 315 417 
9 211 82 719 730 775 587 497 629 219 
9 565 82 357 131 502 262 130 739 426 
4 645 82 619 652 
2 485 82 
4 215 83 36 521 
2 510 83 
2 322 83 
6 218 719 121 730 497 219 
2 219 537 
2 339 459 
12 194 61 216 520 438 645 241 647 269 188 87 720 
10 222 608 542 310 9 775 557 87 582 586 
5 681 768 669 770 18 
5 385 642 221 349 613 
9 642 100 635 603 175 684 238 370 71 
4 437 227 473 272 
2 227 392 
14 281 462 349 186 384 386 730 777 424 711 418 546 196 712 
9 462 186 768 81 407 694 706 621 732 
4 479 231 430 248 
6 231 635 492 260 689 395 
14 465 235 506 243 507 337 369 556 559 630 277 129 593 695 
4 780 235 548 277 
9 234 235 369 542 543 775 556 557 695 
7 235 239 364 771 38 733 498 
9 63 240 142 421 468 99 347 389 411 
8 781 240 428 229 437 141 388 411 
3 609 240 229 
2 714 240 
3 240 90 102 
15 126 698 258 221 366 142 404 347 241 505 478 415 613 658 219 
9 74 698 366 267 131 230 286 740 658 
4 598 698 366 658 
6 435 247 574 669 168 729 
13 245 247 312 91 31 95 574 157 178 513 263 724 729 
8 246 247 312 574 157 513 572 729 
3 247 673 710 
7 248 785 491 346 498 693 614 
4 108 785 491 498 
6 146 785 321 346 614 728 
2 785 15 
5 252 778 518 525 614 
9 349 778 409 603 175 740 135 528 75 
7 422 778 409 135 518 528 75 
5 778 92 673 48 455 
5 506 92 521 710 180 
3 705 225 84 
8 258 225 239 266 543 638 119 343 
9 259 225 266 605 638 644 699 119 692 
3 675 225 692 
4 225 92 538 167 
3 207 743 776 
14 783 705 28 186 266 430 557 415 154 485 629 196 712 734 
4 463 705 266 485 
3 265 98 404 
2 335 61 
4 267 215 534 726 
3 458 215 228 
4 269 215 534 726 
4 438 271 453 726 
4 271 36 623 521 
6 149 274 672 206 493 334 
2 558 274 
11 274 474 38 412 606 407 644 396 734 208 732 
8 183 283 259 604 554 276 618 582 
4 476 283 365 508 
2 664 283 
6 283 484 250 133 176 102 
10 279 28 216 433 439 444 114 217 127 196 
20 280 224 637 205 777 581 439 527 262 487 489 426 512 562 588 420 615 228 670 504 
3 264 224 581 
3 79 224 581 
6 224 199 454 135 678 294 
9 676 637 342 484 606 213 396 694 677 
3 285 637 527 
2 637 54 
6 287 290 730 444 514 546 
6 457 290 563 355 748 550 
3 289 290 3 
7 290 635 412 190 370 729 200 
7 291 239 364 605 733 119 85 
6 292 502 668 310 633 582 
9 152 258 142 421 468 99 440 347 389 
2 696 258 
6 659 330 592 230 668 562 
7 296 330 592 237 114 217 127 
3 297 330 592 
11 298 124 725 460 9 188 139 586 748 110 343 
7 299 430 422 310 432 629 734 
9 300 192 320 676 433 159 505 586 110 
2 103 422 
3 302 422 310 
3 393 543 586 
6 255 771 291 597 543 548 
2 784 450 
9 221 90 631 658 752 693 254 190 185 
4 212 585 474 595 
3 585 396 208 
2 309 252 
5 628 192 159 522 523 
5 192 178 303 282 765 
3 312 396 168 
5 91 364 733 752 85 
2 243 599 
5 210 450 76 545 555 
2 666 450 
4 450 701 773 742 
3 596 320 110 
2 600 320 
4 320 599 630 578 
4 321 491 498 715 
4 491 665 538 167 
4 323 259 107 621 
2 324 259 
2 301 507 
3 507 605 692 
5 327 201 602 184 362 
5 547 201 184 362 736 
3 201 622 423 
3 189 28 578 
6 28 184 773 175 684 695 
4 763 345 175 656 
6 345 662 538 137 167 155 
4 334 337 759 702 
4 597 337 759 702 
4 400 337 277 593 
5 337 203 539 359 54 
2 581 166 
3 220 166 388 
9 120 166 199 392 325 397 96 94 180 
5 305 166 199 392 397 
2 3 344 
3 748 344 708 
4 344 662 538 397 
10 216 448 690 374 416 632 122 699 706 732 
4 433 448 374 213 
5 347 448 304 483 584 
2 348 448 
4 448 662 623 167 
4 29 690 632 706 
11 351 690 29 494 701 648 742 129 674 593 525 
4 251 690 129 593 
2 353 116 
2 338 116 
2 390 116 
2 367 116 
3 357 492 656 
4 704 342 682 693 
6 527 342 484 606 694 84 
6 342 117 137 147 405 202 
6 361 435 430 248 663 546 
10 777 186 15 81 407 14 678 694 706 185 
4 186 117 96 179 
3 364 466 151 
7 107 366 773 260 689 75 343 
2 366 170 
5 356 100 646 492 692 
4 100 117 405 155 
3 369 638 346 
9 249 371 220 725 748 14 110 513 343 
2 371 122 
11 533 374 336 416 159 515 331 523 478 348 643 
4 654 374 416 348 
4 374 359 148 54 
3 375 205 512 
2 376 672 
3 377 604 276 
2 378 676 
2 379 433 
9 187 267 401 458 554 489 52 740 641 
2 381 700 
3 700 617 646 
3 383 384 418 
2 384 646 
3 577 386 418 
2 386 646 
2 387 142 
5 142 641 648 765 307 
11 389 503 447 768 81 717 122 97 699 148 715 
4 214 503 717 97 
2 503 138 
5 59 401 365 508 641 
3 499 401 641 
3 746 515 643 
2 747 398 
2 460 398 
2 478 398 
3 398 500 164 
5 592 623 96 521 322 
2 336 373 
3 730 509 656 
8 688 404 182 444 160 422 443 566 
2 403 404 
4 404 467 643 684 
9 340 517 481 157 260 689 677 395 727 
2 406 421 
7 421 738 313 745 612 169 329 
7 408 581 199 135 661 678 294 
2 409 54 
3 468 738 674 
5 738 137 455 423 202 
4 579 771 547 720 
3 519 771 291 
2 771 137 
2 725 416 
3 416 34 200 
2 358 408 
2 722 661 
2 563 661 
2 591 554 
6 554 226 500 509 661 44 
3 266 138 170 
2 288 424 
3 424 373 669 
2 471 711 
3 711 373 669 
8 427 435 704 474 437 141 595 388 
2 428 373 
5 429 220 293 14 680 
4 430 759 702 307 
2 488 391 
3 552 468 440 
2 73 468 
3 434 107 595 
3 244 107 621 
2 436 99 
6 99 123 626 263 765 584 
2 270 182 
9 439 474 38 606 407 626 395 208 732 
3 440 619 684 
2 441 355 
4 355 467 304 626 
2 564 169 
4 444 305 680 724 
6 445 447 686 64 547 233 
2 653 447 
5 447 622 179 423 736 
7 31 15 599 539 678 254 185 
2 449 248 
2 651 160 
2 451 237 
2 452 114 
8 114 467 133 461 176 161 550 765 
2 102 165 
2 318 165 
2 456 165 
2 423 165 
3 268 655 721 
2 496 655 
2 261 655 
6 655 467 133 176 161 578 
2 229 621 
4 141 464 456 151 
2 464 272 
2 380 687 
5 709 635 708 190 200 
8 713 90 631 693 254 190 555 185 
2 410 120 
2 139 120 
2 154 120 
2 293 120 
3 472 512 555 
4 473 456 180 736 
4 474 673 710 168 
2 475 276 
3 276 128 318 
2 477 206 
2 32 206 
9 502 226 133 461 682 176 102 223 44 
2 480 520 
6 520 13 275 652 755 510 
2 779 438 
2 316 674 
2 580 652 
2 453 322 
6 569 487 615 228 670 504 
2 487 223 
3 431 437 141 
6 489 226 500 509 461 44 
2 490 217 
5 217 226 764 682 44 
2 354 493 
5 493 701 275 742 525 
2 494 275 
2 495 241 
5 241 663 123 68 411 
2 627 747 
2 534 353 
2 303 353 
2 500 353 
2 516 353 
2 365 132 
2 89 505 
2 181 505 
2 505 315 
2 332 124 
2 124 755 
2 21 647 
2 647 315 
2 739 315 
2 426 223 
2 512 315 
2 671 514 
2 514 715 
2 515 545 
2 313 34 
2 517 509 
2 22 365 
5 745 622 48 455 318 
2 481 516 
2 331 516 
4 522 612 68 161 
4 523 612 68 161 
2 524 508 
3 508 303 518 
2 526 721 
3 721 534 446 
2 683 747 
2 529 460 
2 530 334 
2 531 68 
4 76 599 539 254 
2 352 618 
2 618 328 
2 535 230 
2 230 587 
2 402 286 
2 286 311 
2 634 608 
2 608 328 
2 541 542 
2 542 311 
2 543 106 
2 511 668 
2 668 311 
2 310 311 
2 589 548 
2 548 328 
2 549 127 
2 127 105 
2 737 432 
2 432 105 
2 553 9 
2 9 590 
2 775 105 
2 556 105 
2 557 399 
2 69 559 
2 559 590 
2 80 561 
2 561 399 
2 562 590 
2 419 443 
2 443 590 
2 57 566 
2 566 420 
2 633 484 
2 568 269 
5 188 13 275 652 510 
2 415 459 
2 571 410 
4 686 768 122 715 
2 573 728 
2 574 392 
2 768 92 
2 38 90 
2 635 15 
2 257 740 
2 412 325 
2 484 325 
2 639 587 
2 582 587 
2 560 588 
2 232 420 
2 41 588 
2 586 420 
2 587 106 
2 588 399 
2 328 382 
2 590 382 
2 420 106 
2 399 382 
7 657 157 260 689 677 395 727 
4 594 701 742 525 
2 595 540 
2 157 540 
2 613 663 
2 540 665 
2 599 665 
4 64 81 717 148 
3 601 184 362 
2 602 736 
2 603 203 
2 184 203 
2 605 203 
2 606 113 
2 81 113 
2 372 329 
6 717 622 48 455 318 329 
3 233 97 699 
2 250 516 
2 612 500 
2 123 516 
2 418 617 
2 615 619 
2 764 390 
2 617 390 
2 373 390 
2 619 390 
2 275 338 
2 467 338 
2 622 367 
2 623 367 
2 624 497 
2 242 497 
2 19 546 
2 497 631 
2 546 631 
2 629 630 
2 630 673 
2 631 117 
2 632 539 
2 773 733 
2 539 118 
2 733 118 
2 673 118 
2 538 118 
2 638 397 
2 175 359 
2 740 164 
2 641 164 
2 228 164 
2 643 774 
2 644 774 
2 213 774 
2 646 774 
2 509 97 
2 648 34 
2 14 34 
2 670 304 
2 492 625 
2 652 625 
2 446 625 
2 518 625 
2 461 304 
2 304 115 
2 625 115 
2 658 138 
2 346 138 
2 396 94 
2 661 94 
2 521 115 
2 110 282 
2 277 388 
2 742 282 
2 362 144 
2 759 144 
2 545 144 
2 669 144 
2 68 282 
2 513 567 
2 129 567 
2 119 145 
2 674 145 
2 260 145 
2 567 145 
2 498 147 
2 678 147 
2 752 147 
2 680 179 
2 656 179 
2 682 148 
2 528 169 
2 684 150 
2 626 150 
2 572 483 
2 687 716 
2 85 716 
2 689 716 
2 263 716 
2 483 128 
2 692 128 
2 693 158 
2 694 158 
2 176 158 
2 294 158 
2 60 272 
2 411 423 
2 765 102 
2 593 196 
2 525 708 
2 702 466 
2 578 466 
2 196 710 
2 254 405 
2 706 405 
2 75 708 
2 708 544 
2 466 544 
2 710 544 
2 167 544 
2 712 677 
2 621 84 
2 677 272 
2 715 718 
2 190 718 
2 238 84 
2 718 70 
2 84 70 
2 720 734 
2 370 170 
2 614 170 
2 395 649 
2 724 649 
2 555 649 
2 734 649 
2 727 278 
2 728 278 
2 729 735 
2 695 735 
2 307 735 
2 343 735 
2 278 155 
2 185 208 
2 735 317 
2 736 317 
2 584 202 
2 732 202 
2 71 200 
2 44 510 
