1290 1271 28 50
208 0 341 195 96 97 98 479 114 552 123 770 163 800 1153 1111 205 102 921 629 193 794 326 249 262 919 209 88 715 298 303 315 233 1065 394 267 604 581 953 52 819 631 461 784 619 401 660 382 36 797 261 496 498 1274 507 476 509 520 513 1101 1160 169 757 692 523 1038 531 535 152 541 589 914 122 553 554 76 700 310 573 148 635 361 419 420 580 1182 582 584 587 396 1169 475 451 592 738 594 600 32 519 611 182 308 622 962 1023 626 628 323 121 640 643 972 925 1128 656 657 460 661 663 864 462 670 674 1204 680 681 1100 683 1088 398 1081 933 406 386 711 713 623 567 787 821 216 734 176 625 200 926 741 1190 750 753 190 766 1130 696 1265 642 775 95 777 297 400 1283 402 508 290 138 381 601 802 485 31 810 714 154 731 1288 806 231 372 256 17 1192 91 316 679 1165 1140 388 299 387 698 682 724 658 239 409 1041 616 739 590 574 1227 362 874 353 186 533 991 247 
181 1 341 195 96 97 98 479 114 552 123 770 163 800 1153 1111 102 921 193 794 326 249 262 280 209 88 715 301 303 416 315 233 1065 394 267 953 819 461 784 619 660 382 36 797 261 496 498 1274 507 476 509 520 513 1160 169 692 523 1038 535 152 541 914 122 553 554 76 700 310 573 1222 635 361 419 420 580 1182 582 584 587 396 1169 475 451 592 738 594 600 106 32 519 611 182 308 962 1023 628 323 121 640 62 643 972 925 356 656 657 460 661 663 664 462 670 674 1204 680 681 1100 683 1088 398 694 406 386 711 623 787 854 741 1190 750 1032 753 766 1265 642 95 297 400 1283 402 508 290 138 381 789 601 802 31 154 1288 806 231 935 91 316 667 1165 1140 388 299 387 698 682 724 620 665 947 239 14 409 1041 618 845 504 739 590 1149 574 362 533 991 247 
56 885 94 151 142 156 104 229 437 906 196 459 117 1136 1260 164 764 956 1219 100 522 892 803 579 1181 617 606 659 294 697 763 782 678 920 46 17 667 1165 388 299 107 669 673 352 255 829 409 1041 392 1227 1126 1163 874 353 537 317 871 
119 3 195 96 97 98 114 123 157 163 1111 205 102 921 629 229 437 919 280 906 196 298 301 416 171 459 1136 1260 83 604 581 956 431 52 522 631 803 401 507 1101 757 531 152 589 571 148 1222 587 106 519 617 606 622 626 62 356 1128 659 664 864 294 670 1039 694 1081 933 713 567 854 216 734 176 625 200 926 1032 190 1130 696 775 777 1235 789 485 203 810 714 731 920 231 372 256 17 316 679 388 299 107 673 665 352 14 829 1245 409 1041 845 504 739 590 1149 574 1227 1163 874 353 186 317 991 247 
77 4 112 94 151 142 157 355 104 408 1171 171 117 1089 1260 993 164 1170 764 83 1219 431 338 100 522 1060 304 217 525 803 568 542 571 579 1181 672 1039 821 697 763 1076 782 1235 48 203 825 920 1005 840 372 46 17 1192 796 103 667 107 528 673 620 665 658 735 14 829 1245 616 618 845 504 590 924 1227 1126 362 1163 186 317 
51 1036 94 479 151 142 156 157 104 229 906 196 459 117 1136 164 764 83 956 1219 100 892 579 617 606 659 294 821 697 763 231 372 91 316 1165 107 669 724 352 255 14 1245 845 392 504 924 198 353 186 537 871 991 
55 111 779 788 355 721 238 1171 23 993 67 338 859 101 785 726 217 1103 525 1035 510 540 40 591 621 26 137 1114 16 761 765 1076 1099 825 806 1005 840 256 796 103 679 1140 387 698 669 682 620 255 658 239 616 392 924 574 198 537 
45 7 112 779 788 721 238 408 1171 23 1089 993 67 1170 941 859 101 785 726 304 1103 525 1035 568 540 40 591 621 26 137 1114 672 761 765 806 256 1192 796 528 669 255 658 616 618 871 247 
51 8 112 788 355 721 238 408 23 1089 1170 338 941 859 101 785 1060 726 304 217 1103 1035 568 510 540 40 591 621 26 137 1114 16 821 697 765 1076 1099 825 1005 840 1192 103 667 1140 528 620 618 392 924 198 533 871 
2 9 1271 
2 318 654 
2 115 708 
2 12 254 
2 13 609 
2 172 1276 
2 478 1277 
2 1240 1278 
2 936 1177 
2 18 1064 
2 129 1145 
2 20 37 
2 21 490 
2 22 1284 
2 184 1285 
2 691 452 
2 370 1287 
2 1115 883 
2 27 1289 
2 134 9 
2 464 9 
2 30 9 
2 980 9 
2 480 318 
2 363 318 
2 34 318 
2 35 12 
2 722 12 
2 1282 12 
2 882 13 
2 260 13 
2 565 13 
2 608 13 
2 141 172 
2 1144 172 
2 752 172 
2 45 172 
2 1006 478 
2 47 478 
2 805 478 
2 49 1240 
2 50 1240 
2 120 1240 
2 614 936 
2 59 936 
2 29 18 
2 1196 18 
2 786 18 
2 1072 129 
2 58 129 
2 526 129 
2 53 20 
2 1238 20 
2 68 20 
2 63 20 
2 331 21 
2 65 21 
2 1184 21 
2 64 21 
2 598 22 
2 69 22 
2 532 22 
2 71 22 
2 365 184 
2 73 184 
2 377 184 
2 75 184 
2 841 691 
2 1033 691 
2 1133 691 
2 1017 691 
2 80 370 
2 1251 370 
2 179 370 
2 804 370 
2 174 1115 
2 963 1115 
2 86 1115 
2 87 1115 
2 868 27 
2 89 27 
2 235 27 
2 1020 27 
7 112 193 257 953 36 31 410 
2 341 320 
62 94 833 126 181 220 287 861 847 250 285 298 1242 1052 1026 1119 846 1187 145 268 211 538 52 439 631 248 261 945 505 513 360 610 426 168 556 934 646 471 599 600 246 607 637 992 1199 705 854 1032 1220 38 138 291 850 1197 1084 118 810 714 1156 488 376 188 499 
35 195 293 181 790 690 202 159 484 1052 333 228 538 429 271 360 510 542 1161 907 811 605 1019 645 1061 433 563 158 1062 761 84 48 815 816 735 358 
46 96 833 166 204 284 473 457 222 474 224 887 289 988 1224 264 466 395 500 443 215 248 1102 258 493 610 426 556 1053 562 483 931 470 638 1183 503 717 729 970 449 458 39 1084 813 818 863 843 
69 97 1031 1239 1209 212 250 844 300 359 347 544 263 733 225 494 704 211 336 81 439 428 760 737 505 511 516 792 242 976 560 566 234 607 1181 514 467 1178 992 751 16 684 265 1210 705 783 719 723 831 11 949 742 746 727 109 758 444 782 1099 964 678 728 1156 823 70 488 958 987 1029 499 
37 98 852 127 948 167 180 230 208 689 287 1258 252 1242 1007 348 651 367 145 430 812 133 487 561 10 543 599 637 403 1211 636 291 798 549 814 376 1202 999 
62 921 576 110 634 150 194 210 218 469 405 847 1087 281 495 313 895 391 368 74 418 482 414 1270 438 1216 966 214 149 529 530 934 192 397 471 1063 624 641 1275 536 652 686 688 251 710 593 748 749 322 1121 38 60 432 450 1197 801 908 828 863 878 732 1127 1193 
51 100 576 1031 127 736 474 301 313 55 1040 709 704 2 812 307 737 401 668 493 757 1226 192 483 907 584 41 622 643 1125 751 710 567 158 725 734 200 747 748 44 753 322 190 777 458 173 39 908 873 824 436 1127 
84 101 576 1239 833 165 181 284 270 222 495 88 124 347 348 391 74 733 364 1119 394 395 482 846 414 704 812 219 443 631 133 797 261 497 668 1274 511 513 1101 271 1160 523 531 535 76 562 310 10 1182 607 308 962 626 638 467 1061 356 680 683 890 713 725 11 729 1062 593 926 746 755 1130 771 696 1265 138 964 329 291 798 485 816 446 878 745 1193 999 
7 576 324 897 1080 113 940 189 
75 788 852 634 150 1157 690 204 206 844 262 718 301 303 55 259 378 466 145 439 428 1013 429 1102 966 487 496 258 512 169 149 1037 90 530 976 934 583 597 811 397 470 600 246 62 645 514 536 925 462 1039 681 433 575 783 200 489 109 769 38 1235 84 789 901 203 728 822 627 828 1288 506 70 488 987 999 499 1093 
63 104 852 150 202 204 689 1258 280 570 1286 559 333 347 988 74 379 264 430 438 133 1216 1101 531 541 1053 605 1063 624 633 1019 638 641 645 514 460 663 684 686 433 575 1011 831 729 489 926 449 727 444 769 775 465 297 402 901 485 822 506 987 188 903 358 1202 999 
6 852 324 899 904 43 56 
6 544 134 153 1254 1045 1257 
7 51 134 915 961 944 1175 380 
2 834 134 
2 207 134 
66 726 1031 110 127 166 1087 252 327 288 1026 544 1224 368 379 418 709 494 417 430 52 375 1270 1216 360 122 1053 483 572 1222 361 543 585 1169 5 599 605 611 1181 1056 1019 637 1125 72 460 662 1204 636 389 625 449 1220 758 766 707 458 799 1197 549 814 908 818 824 731 612 903 1193 
5 1031 390 685 969 564 
2 779 675 
6 479 437 171 431 571 203 
4 114 1037 118 506 
43 1219 110 143 1157 320 208 284 405 252 359 330 348 289 544 263 391 733 367 228 51 500 366 375 760 429 498 149 535 589 594 397 1056 662 664 864 1183 1265 95 813 818 436 732 1237 
5 110 685 1131 1138 1043 
60 117 1239 167 1261 332 469 159 1007 895 368 383 225 604 414 1180 81 428 443 269 966 214 512 516 527 90 561 566 572 1222 931 470 626 62 403 1249 1275 1061 702 251 717 949 389 1273 1018 175 755 1130 1283 432 329 132 816 823 627 506 958 967 612 1193 1202 
5 1239 685 447 312 1262 
5 833 685 312 334 1079 
55 151 634 948 166 690 557 194 206 210 473 212 457 270 327 495 124 887 484 651 418 378 466 395 647 965 581 296 424 1270 511 534 548 976 560 419 234 106 615 467 656 688 1210 694 1081 933 636 92 758 767 60 728 814 446 878 1093 
6 634 870 1110 712 1168 1059 
2 552 1075 
42 123 206 736 220 270 285 718 1286 1026 965 846 51 268 269 945 527 1226 168 585 276 602 41 632 1249 687 890 575 702 1018 92 747 755 767 707 769 771 173 329 132 967 376 1237 
47 102 126 143 1157 191 332 809 223 241 570 330 559 55 379 259 378 1040 364 1119 647 296 424 2 366 375 1013 307 512 5 646 246 603 1125 72 415 489 175 850 446 822 824 627 436 967 732 358 1093 
63 859 126 948 293 143 1209 167 1261 194 809 208 212 689 218 220 287 457 405 437 919 209 224 1052 359 289 647 1187 211 81 501 692 527 426 1161 931 276 603 643 455 1178 674 684 1211 694 1081 702 933 415 251 717 719 831 1273 1062 746 775 432 1084 817 732 376 1025 1202 
6 126 870 1172 904 1068 1147 
4 127 1083 870 1046 
18 906 770 1153 715 36 520 510 554 700 475 592 32 462 711 787 381 31 1288 
5 1089 770 315 619 569 
4 770 676 1073 1168 
7 948 676 897 1080 113 940 1262 
6 367 136 884 955 555 1014 
4 133 136 555 1252 
3 1082 136 1151 
2 135 136 
2 136 363 
3 655 42 35 
2 138 42 
2 964 42 
2 140 42 
2 42 363 
64 142 293 1209 180 790 230 191 809 218 222 1087 281 224 416 1224 259 364 482 494 336 219 830 660 501 258 792 1037 529 10 148 543 583 585 5 597 276 632 455 536 652 1128 72 16 687 1211 563 783 713 216 176 970 109 761 707 696 642 1099 789 450 798 799 549 815 863 
6 293 879 676 773 918 1194 
3 144 147 325 
3 305 147 185 
2 146 147 
2 147 34 
3 143 676 551 
6 1209 872 393 1155 1228 986 
7 150 872 393 918 791 1218 880 
6 211 155 827 1108 422 1221 
6 538 155 384 1059 1221 1070 
2 781 155 
2 860 155 
2 155 34 
2 156 1088 
5 157 209 361 1204 766 
75 721 162 191 332 794 250 285 298 300 1286 1191 651 988 965 296 1180 438 440 307 269 248 401 214 493 792 1226 542 589 427 192 566 584 592 471 602 106 41 622 632 577 640 1275 652 864 687 688 1199 386 588 1011 734 970 1190 749 753 322 99 1121 190 777 60 297 508 290 39 678 48 714 823 863 70 275 735 188 1093 
4 320 162 440 275 
2 1076 162 
3 696 162 440 
3 162 875 282 
42 163 165 1261 557 861 327 124 383 709 1187 417 219 1180 830 668 501 90 548 572 583 597 615 1056 633 577 455 662 1199 588 1011 725 389 44 99 1220 465 901 799 873 878 958 188 
51 164 165 205 223 241 844 919 718 300 417 1013 215 1102 487 497 271 530 562 1161 811 602 603 611 1178 356 675 265 503 890 415 719 723 11 625 1062 593 742 746 749 99 1121 771 964 84 828 731 125 70 1029 745 843 
5 165 879 872 703 1232 
5 166 872 43 1233 1232 
6 167 826 1085 113 940 1262 
7 1261 826 335 982 526 1069 1138 
5 1157 1082 826 339 867 
3 299 355 1155 
4 355 826 50 1228 
2 381 655 
3 173 655 1034 
3 84 655 1034 
2 175 178 
2 109 178 
2 322 178 
3 178 35 1213 
81 238 180 790 241 281 887 559 333 895 1065 264 581 51 268 2 500 336 366 819 892 660 382 498 505 516 610 757 1038 914 548 556 560 561 571 148 419 420 475 594 234 1063 615 624 633 403 992 751 1128 656 265 503 710 711 623 567 949 854 1018 742 747 748 750 1032 44 175 642 465 400 1283 402 782 173 810 873 1259 436 967 1075 1237 358 843 
4 180 1012 1069 551 
4 181 305 1012 773 
7 790 935 1172 393 1078 944 1279 
7 690 834 881 393 1194 1117 1148 
76 23 230 557 202 205 736 210 473 469 1258 223 159 861 847 280 474 1242 416 484 570 171 313 330 233 1007 263 367 383 225 1040 228 604 424 431 538 830 760 215 737 945 529 541 168 553 907 573 580 646 182 641 1249 663 664 686 1183 1210 563 705 158 723 216 176 92 727 444 767 95 132 450 850 813 815 1156 958 1029 1127 
5 230 227 545 630 1244 
4 408 800 398 406 
14 956 800 262 67 1060 509 635 396 1169 738 121 675 750 400 
5 800 834 630 119 791 
4 304 1153 715 32 
5 1153 1172 630 1073 730 
6 191 860 630 832 1044 197 
7 332 207 937 283 1168 272 807 
7 557 935 937 283 889 105 1195 
6 194 937 1085 113 940 1148 
2 629 320 
13 196 320 257 382 169 914 308 962 323 672 398 406 154 
3 1111 497 1273 
8 457 1083 49 979 1196 1072 791 1104 
2 625 1083 
3 200 1083 1104 
4 1083 927 768 762 
6 202 899 335 1131 43 56 
6 809 754 335 973 253 984 
5 204 773 335 502 1067 
4 205 773 946 1131 
5 206 898 946 189 1229 
5 736 917 973 990 1252 
4 208 423 973 447 
5 284 1150 938 973 189 
7 210 50 526 447 312 1069 1232 
8 473 1272 986 1073 1110 712 1059 1218 
7 212 545 917 1272 982 306 1046 
5 689 199 1272 29 1252 
4 289 404 1138 677 
4 215 404 1030 671 
2 732 404 
4 404 120 614 650 
7 218 982 29 827 1132 996 1230 
6 469 349 1010 982 29 1164 
7 220 29 889 730 1113 1122 286 
6 287 1196 1008 1046 1054 849 
8 1258 756 1172 339 983 1196 916 880 
5 223 983 526 189 1148 
6 224 227 116 384 226 1176 
4 225 227 545 848 
6 1187 227 1003 384 1107 989 
4 227 614 786 477 
6 159 1228 1196 334 295 1043 
12 229 232 267 953 784 619 476 628 661 386 601 802 
2 785 232 
3 217 232 1155 
4 232 929 24 984 
4 405 526 295 1252 
6 861 1073 913 1164 1195 286 
2 199 53 
2 325 53 
2 869 53 
2 1120 53 
12 459 193 315 461 1274 310 582 451 1023 972 1100 801 
4 193 521 61 744 
9 241 929 24 61 913 1112 183 350 1070 
8 1136 794 1191 573 182 657 741 508 
3 794 61 1232 
6 270 521 1010 959 61 1185 
6 847 445 292 929 453 744 
2 326 612 
5 222 349 1010 453 1164 
8 1087 740 24 453 411 1113 1108 807 
4 249 1191 675 903 
7 250 340 453 454 1077 1106 119 
5 844 862 340 865 928 
9 252 207 693 961 928 1025 730 975 744 
4 437 928 1118 343 
6 1171 476 700 628 323 661 
2 46 257 
2 256 257 
3 257 935 947 
4 651 1086 1117 1257 
5 259 1086 213 720 930 
5 1040 1086 720 139 1117 
6 1086 762 354 1179 201 174 
5 262 339 928 1118 119 
8 263 266 855 911 985 58 960 1257 
5 264 266 1280 930 649 
7 81 266 855 760 125 911 960 
4 266 19 762 778 
6 1242 774 1189 226 649 66 
6 268 774 213 1189 66 350 
6 269 774 292 888 105 1112 
4 774 277 245 762 
3 819 278 277 
6 1216 278 909 1189 808 550 
6 966 278 277 909 1189 808 
4 278 695 1238 1267 
4 919 860 371 1015 
6 327 412 283 950 1008 1015 
3 277 331 1017 
3 855 331 1251 
2 354 331 
5 280 1015 730 891 1218 
6 281 848 1015 978 1279 1048 
6 474 1243 1118 1168 272 807 
6 495 302 240 345 1243 1263 
4 209 1009 1243 441 
7 285 929 961 1001 1243 1175 380 
2 1245 88 
4 88 1049 119 286 
4 715 1049 978 649 
5 313 756 207 1208 1266 
2 177 756 
2 703 756 
2 756 64 
6 124 93 24 1001 978 1218 
3 294 93 1001 
2 1207 93 
2 889 93 
2 93 64 
4 298 207 1049 791 
6 718 781 978 975 1198 1104 
7 300 930 1021 226 1116 524 1266 
8 301 911 740 411 226 1113 1108 807 
6 83 303 1035 76 925 683 
7 303 910 244 699 1016 66 1043 
7 887 302 240 283 345 699 1263 
5 416 699 1154 891 1244 
5 812 309 1042 857 1221 
5 307 309 302 345 108 
2 308 309 
3 309 1267 1200 
7 484 905 1090 1002 1207 699 649 
5 1060 288 411 666 1167 
4 5 288 666 1167 
2 504 288 
3 288 385 1267 
4 315 848 1207 745 
6 988 521 1010 959 1185 1257 
4 521 695 1028 1267 
6 570 1254 339 1069 1132 1266 
4 171 1045 1132 998 
5 336 486 884 916 1215 
2 1032 486 
3 727 486 916 
3 486 882 1134 
6 1052 897 951 1132 1203 1248 
2 907 328 
3 246 328 893 
3 276 328 893 
3 328 1135 174 
9 359 881 954 49 979 1072 1194 1117 1016 
7 330 848 1002 1110 1016 998 1241 
5 1286 1047 1264 1016 743 
7 559 720 911 454 1186 743 842 
5 333 860 153 954 1045 
5 55 1047 912 1078 1057 
4 522 233 1190 290 
4 233 860 1057 1198 
4 862 277 481 963 
12 338 1191 784 534 242 635 396 451 1023 657 1088 801 
4 1191 1122 183 1225 
11 1260 819 496 523 1038 427 420 680 681 623 1075 
5 1007 390 969 1208 564 
2 849 879 
2 343 879 
2 879 804 
5 1026 881 954 703 1208 
4 895 140 671 1208 
4 347 312 1138 1206 
6 348 425 488 441 130 1043 
7 349 385 855 6 1179 960 877 
2 350 385 
2 385 87 
2 352 1065 
6 1065 1009 1162 550 677 856 
6 993 267 509 520 554 738 
5 1224 862 930 865 1268 
2 356 862 
2 1128 862 
2 1160 578 
2 792 578 
2 360 578 
3 578 963 369 
2 362 67 
4 67 1148 998 1266 
7 364 1280 292 888 139 105 1112 
2 72 1280 
4 1280 354 481 877 
6 391 918 954 836 1233 1268 
4 368 884 955 1268 
2 369 868 
2 25 868 
2 1234 868 
2 842 57 
2 373 57 
2 57 1020 
4 375 349 858 912 
4 1170 582 972 1100 
5 74 795 1045 1014 1268 
5 379 795 43 1233 1269 
4 378 442 1264 524 
3 1084 442 456 
3 549 442 456 
5 442 695 141 1028 866 
4 383 1047 213 1078 
5 1047 141 1028 1166 481 
8 733 492 912 1264 1002 524 743 373 
5 418 720 1264 1021 524 
6 466 1254 955 671 130 981 
3 764 577 588 
2 389 390 
3 390 768 187 
7 228 170 240 889 105 1162 1195 
7 1119 342 1002 1154 1176 998 1048 
2 920 394 
3 394 463 342 
6 395 1051 896 902 795 671 
4 267 795 1014 1281 
3 932 199 1217 
2 398 199 
2 399 199 
2 400 144 
2 1283 144 
2 402 144 
5 647 28 555 546 1231 
5 604 253 985 28 1014 
7 709 909 244 1003 1021 160 1106 
7 482 1022 314 944 1186 1225 842 
7 965 342 275 740 1022 314 1105 
6 581 213 910 244 1022 66 
5 494 445 865 1022 1185 
7 953 1025 913 1112 183 350 1070 
2 411 855 
6 296 947 515 1105 944 201 
6 846 445 292 915 1107 1225 
5 414 884 832 1044 197 
7 704 342 314 1107 891 1281 286 
8 145 693 910 1107 759 1175 407 380 
6 417 1003 1237 1154 891 1244 
3 619 421 820 
2 419 421 
2 420 421 
4 421 1166 481 1246 
4 366 545 917 306 
4 545 344 1166 435 
5 424 463 858 515 820 
5 2 666 1167 989 499 
3 426 492 373 
4 427 492 743 373 
2 492 477 
6 500 425 1254 441 130 1281 
7 430 909 244 160 820 1092 1281 
6 431 275 740 1105 1092 1221 
5 52 780 915 912 1092 
2 941 802 
6 219 445 858 865 1185 1225 
8 1180 858 915 817 314 108 1186 842 
2 17 1270 
3 1270 340 1000 
6 438 425 952 1054 1129 1229 
5 439 922 951 712 108 
2 440 768 
7 830 170 240 1044 1162 1215 1241 
6 428 236 918 555 836 1233 
5 443 899 236 1139 793 
2 760 1179 
4 445 245 866 776 
8 1013 693 910 1003 759 1175 407 380 
2 992 54 
3 536 54 1098 
3 751 54 1098 
3 54 1217 1142 
2 575 932 
3 1211 932 1137 
3 1210 932 1137 
2 467 423 
2 455 423 
2 1178 423 
3 423 1217 650 
5 631 947 515 1105 201 
2 239 1060 
2 1005 461 
5 461 116 1000 1075 1092 
3 462 463 515 
4 463 613 866 435 
2 450 1082 
3 850 1082 867 
7 737 922 832 951 1042 712 857 
6 784 1009 108 1162 550 856 
6 248 425 952 1129 518 1229 
2 397 472 
2 470 472 
2 471 472 
3 472 900 369 
2 1222 943 
3 1169 943 644 
3 475 943 644 
3 943 1123 1246 
6 429 146 1212 952 1139 1253 
4 1102 305 1139 1253 
2 458 305 
4 107 1103 817 1025 
7 1103 693 961 50 979 58 975 
4 525 121 741 177 
2 739 892 
5 892 1077 1106 759 407 
6 803 797 1160 553 580 1182 
6 1035 888 817 50 979 58 
5 487 942 971 1262 1253 
2 991 568 
2 568 880 
2 401 1269 
2 660 856 
2 382 1253 
2 36 128 
2 797 128 
2 261 128 
2 496 128 
2 497 1255 
2 498 1255 
2 668 1255 
2 1274 1255 
2 501 1256 
2 258 1256 
2 945 1256 
2 214 1256 
2 505 1248 
2 871 507 
2 507 1244 
2 476 677 
2 509 677 
2 520 1236 
2 511 1236 
2 512 1236 
2 513 1236 
2 1101 997 
2 493 997 
2 516 997 
2 271 997 
3 169 1230 1250 
3 610 1230 1250 
2 757 981 
2 317 692 
2 692 1206 
2 523 1206 
2 1038 1206 
2 149 977 
2 1037 977 
2 527 977 
2 90 977 
2 529 33 
2 530 33 
2 531 33 
2 1226 33 
2 533 534 
2 534 989 
2 535 989 
2 510 849 
2 537 152 
2 152 744 
2 186 540 
3 540 1279 1048 
2 541 569 
2 542 820 
4 589 1154 1176 1048 
2 874 427 
2 198 242 
2 242 518 
2 914 518 
2 548 518 
2 976 1151 
2 168 1151 
2 1163 122 
2 122 1139 
2 553 79 
2 554 79 
2 76 79 
2 556 79 
2 934 1141 
2 1053 1141 
2 192 1141 
2 560 1141 
3 561 1137 1067 
3 562 1137 1067 
3 700 546 1231 
2 1227 40 
2 40 1131 
2 566 78 
2 310 78 
2 483 1134 
2 1161 1134 
3 10 130 981 
3 571 867 996 
3 572 867 996 
2 573 808 
2 574 579 
2 579 808 
2 148 903 
3 635 666 1167 
3 361 1118 343 
2 543 1263 
2 580 221 
2 1182 221 
2 582 221 
2 583 221 
2 584 1096 
4 585 913 1164 1195 
2 924 587 
3 587 644 272 
3 396 644 272 
2 451 160 
2 590 591 
3 591 1078 1279 
5 592 1077 1106 759 407 
2 738 1071 
2 594 1071 
2 646 1071 
2 931 1071 
2 597 374 
2 811 374 
3 599 1068 1147 
3 600 1068 551 
3 234 1068 551 
3 602 893 1146 
3 603 893 1146 
3 106 1066 1146 
3 605 1066 1146 
3 32 334 1079 
4 607 836 274 564 
4 41 836 274 564 
2 392 519 
2 519 1194 
3 611 916 880 
4 1063 827 1108 422 
3 1181 639 422 
3 182 639 422 
4 615 827 996 1230 
2 616 617 
2 617 1046 
2 618 606 
2 606 1049 
2 845 621 
2 621 1050 
2 622 1050 
2 962 1050 
2 624 1050 
3 1023 1110 1241 
3 626 1044 1215 
4 1056 384 1059 1070 
3 628 1042 857 
4 323 889 1113 1122 
2 409 26 
2 26 703 
4 632 177 639 1116 
4 633 177 639 1116 
2 121 1188 
2 577 1188 
2 1019 1188 
2 637 1188 
2 638 77 
2 829 640 
3 640 77 1079 
3 641 77 1079 
3 62 969 1098 
3 643 969 1098 
3 972 1034 1066 
3 645 1034 1066 
2 1125 1030 
2 403 1030 
2 1249 1030 
2 1275 1029 
2 514 1027 
3 925 502 1067 
3 652 502 1231 
3 1061 502 1231 
2 14 137 
2 137 411 
2 656 735 
3 657 1021 1116 
2 658 659 
3 659 454 1077 
4 460 454 1186 842 
2 661 371 
2 662 371 
3 663 1009 441 
4 664 1008 1054 849 
2 665 1114 
2 1114 1001 
2 864 306 
2 620 294 
2 669 670 
2 670 447 
2 682 672 
2 672 28 
2 673 674 
2 674 28 
2 675 995 
2 724 1039 
2 1039 995 
2 16 995 
2 1204 995 
2 680 1205 
2 681 1205 
2 1100 1205 
2 683 1205 
2 684 413 
2 1088 413 
2 686 413 
2 687 413 
2 688 987 
2 265 772 
3 1183 990 1129 
3 433 990 1129 
4 503 596 274 343 
4 890 596 274 343 
3 694 399 1097 
3 1199 399 1097 
3 821 1091 539 
3 697 1091 539 
2 698 1091 
2 1091 986 
3 563 985 58 
3 1081 1228 334 
3 702 253 985 
2 933 1272 
3 415 49 1072 
3 705 49 1072 
2 406 974 
2 251 974 
2 783 968 
3 386 1085 793 
3 710 1085 793 
2 711 959 
2 588 955 
2 713 950 
2 387 539 
2 539 1155 
2 623 946 
2 717 946 
2 1011 434 
2 719 434 
3 567 1212 952 
3 158 942 971 
3 636 942 971 
3 723 942 971 
3 831 1201 706 
3 725 1201 706 
2 528 787 
3 787 1201 1097 
3 11 1201 1097 
4 729 894 706 56 
4 949 894 706 56 
2 854 1090 
4 216 832 1042 857 
2 1273 937 
2 734 923 
2 1018 923 
2 176 82 
3 1062 923 434 
3 593 923 434 
3 489 917 990 
4 926 905 1090 1207 
3 741 905 894 
3 742 905 894 
4 970 82 939 399 
4 92 82 939 399 
2 1190 236 
2 746 904 
2 747 236 
3 748 1094 1250 
3 749 1094 1250 
3 750 1094 1212 
3 449 1094 1212 
2 44 1012 
2 753 1012 
3 99 899 793 
3 755 898 1080 
3 1220 898 1080 
3 1121 898 1229 
5 758 897 951 1203 1248 
2 190 170 
3 444 881 703 
2 761 161 
2 1140 763 
2 763 870 
2 388 765 
2 765 161 
2 766 161 
2 767 161 
2 707 851 
2 769 851 
2 1130 851 
2 771 851 
2 316 1076 
3 1265 922 197 
3 642 922 197 
3 775 412 1058 
3 95 412 1058 
4 777 412 950 1008 
4 38 648 939 968 
4 60 648 939 968 
2 465 781 
4 297 781 975 1104 
3 782 146 1147 
3 508 146 1147 
2 91 1235 
2 1235 140 
2 1099 140 
2 290 140 
2 103 381 
2 789 754 
2 432 754 
2 901 337 
2 329 337 
2 291 337 
2 39 337 
4 132 754 253 984 
2 796 601 
3 601 135 596 
3 798 135 596 
5 799 135 896 902 1058 
5 1197 135 896 902 1058 
2 801 780 
2 802 279 
2 485 279 
3 678 116 1176 
3 48 302 345 
2 806 118 
2 118 838 
2 31 838 
2 203 838 
2 810 838 
2 714 464 
2 728 464 
2 813 839 
2 814 839 
2 815 30 
2 816 30 
3 908 324 772 
3 818 324 772 
3 446 835 1027 
3 1156 835 1027 
3 873 835 938 
3 822 835 938 
3 823 1150 1203 
3 824 1150 1203 
2 825 154 
3 154 1150 938 
4 627 1051 1096 546 
4 828 1051 1096 546 
4 731 1051 896 902 
2 1288 834 
2 506 464 
2 863 839 
2 1051 30 
2 1150 980 
2 835 980 
2 324 980 
2 685 980 
2 838 464 
2 839 30 
2 840 1259 
2 231 1259 
2 372 1259 
3 1259 116 1000 
2 436 780 
2 302 279 
2 116 468 
2 935 468 
2 848 468 
2 342 468 
2 780 279 
2 279 480 
2 468 480 
2 1192 125 
2 125 695 
2 292 85 
2 340 85 
2 213 85 
2 858 85 
2 695 363 
2 85 363 
2 754 875 
2 337 875 
2 679 410 
2 667 410 
2 1165 410 
2 410 648 
2 648 876 
2 412 876 
2 922 876 
2 870 876 
2 676 448 
2 872 448 
2 161 448 
2 851 448 
2 875 34 
2 876 34 
2 448 480 
2 878 153 
2 170 344 
2 425 886 
2 881 886 
2 1172 886 
2 153 886 
2 884 344 
2 344 1282 
2 886 1282 
2 70 456 
2 888 19 
2 1010 346 
2 693 346 
2 456 346 
2 720 346 
2 915 19 
2 19 1282 
2 346 1282 
2 896 35 
2 897 35 
2 898 722 
2 899 722 
2 826 722 
2 1012 722 
2 902 882 
2 1094 260 
2 904 260 
2 773 260 
2 1254 260 
2 236 882 
2 817 547 
2 909 547 
2 910 547 
2 911 547 
2 912 245 
2 245 608 
2 547 608 
2 82 927 
2 905 927 
2 917 927 
2 240 565 
2 275 565 
2 393 565 
2 630 565 
2 937 586 
2 923 586 
2 586 608 
2 927 608 
2 740 1144 
2 1189 1144 
2 244 1144 
2 929 1144 
2 930 141 
2 488 768 
2 1090 237 
2 832 237 
2 918 237 
2 283 237 
2 768 45 
2 237 45 
2 938 837 
2 939 837 
2 894 837 
2 1201 837 
2 942 752 
2 1212 752 
2 1155 752 
2 335 752 
2 946 131 
2 434 131 
2 131 45 
2 837 45 
2 950 187 
2 951 957 
2 952 957 
2 339 957 
2 954 957 
2 955 187 
2 187 805 
2 957 805 
2 958 139 
2 959 6 
2 865 595 
2 961 595 
2 24 595 
2 1264 595 
2 139 6 
2 6 805 
2 595 805 
2 967 974 
2 968 1006 
2 1080 1006 
2 706 47 
2 971 47 
2 1085 47 
2 973 47 
2 974 1006 
2 113 120 
2 1272 120 
2 376 983 
2 940 614 
2 979 614 
2 253 59 
2 1228 59 
2 982 59 
2 983 59 
2 984 786 
2 985 786 
2 986 786 
2 987 325 
2 772 325 
2 1058 325 
2 990 869 
2 596 869 
2 447 869 
2 795 869 
2 28 1120 
2 995 1120 
2 1205 1120 
2 413 1120 
2 306 613 
2 345 491 
2 1000 491 
2 1001 491 
2 1002 491 
2 1003 613 
2 613 63 
2 491 63 
2 255 612 
2 612 371 
2 1008 1238 
2 1009 1238 
2 947 1238 
2 1073 68 
2 61 68 
2 453 68 
2 928 68 
2 371 282 
2 282 63 
2 762 63 
2 735 1028 
2 515 1024 
2 454 1024 
2 1021 1024 
2 1022 1024 
2 1028 65 
2 1024 65 
2 1025 354 
2 1029 1217 
2 1027 321 
2 502 321 
2 189 321 
2 1030 321 
2 1217 1184 
2 321 1184 
2 77 185 
2 1034 243 
2 969 243 
2 312 243 
2 555 243 
2 1188 185 
2 185 1184 
2 243 1184 
2 1041 177 
2 1042 1159 
2 384 1159 
2 1044 558 
2 1110 558 
2 1046 558 
2 1015 558 
2 1243 517 
2 1049 517 
2 1050 1159 
2 517 64 
2 1159 64 
2 558 65 
2 1054 653 
2 441 653 
2 827 994 
2 916 994 
2 639 994 
2 1194 994 
2 1045 653 
2 653 69 
2 994 69 
2 188 374 
2 334 900 
2 836 900 
2 1066 900 
2 893 1074 
2 1068 1074 
2 1069 1074 
2 671 1074 
2 1071 598 
2 374 598 
2 900 598 
2 1074 69 
2 1075 866 
2 160 701 
2 1077 701 
2 1078 701 
2 314 701 
2 866 71 
2 701 71 
2 1149 745 
2 745 1179 
2 712 311 
2 644 311 
2 913 311 
2 105 311 
2 730 1095 
2 978 1095 
2 226 1095 
2 699 1095 
2 1179 71 
2 1267 71 
2 311 532 
2 1095 532 
2 1096 15 
2 1097 15 
2 1098 15 
2 1262 15 
2 221 650 
2 650 75 
2 15 75 
2 1237 1166 
2 1263 1109 
2 1105 1109 
2 1106 1109 
2 1107 1109 
2 1166 73 
2 1109 73 
2 903 1123 
2 197 1123 
2 1112 1123 
2 1113 1124 
2 666 1124 
2 975 1124 
2 1116 1124 
2 1117 273 
2 1118 273 
2 649 273 
2 108 273 
2 808 960 
2 960 73 
2 1123 73 
2 1124 365 
2 273 365 
2 1126 1127 
2 1127 78 
2 867 1135 
2 1129 1135 
2 130 1135 
2 1131 377 
2 1132 377 
2 78 1134 
2 1134 377 
2 1135 75 
2 546 1142 
2 1137 1143 
2 1138 1143 
2 1139 1143 
2 79 1143 
2 1141 1142 
2 1142 1033 
2 1143 1033 
2 43 1152 
2 274 1152 
2 1146 1152 
2 1147 1152 
2 1148 841 
2 1014 841 
2 518 1151 
2 1151 841 
2 1152 1033 
2 759 776 
2 1154 776 
2 944 776 
2 820 477 
2 477 1017 
2 776 1017 
2 353 569 
2 358 1057 
2 569 778 
2 1162 778 
2 857 778 
2 1164 1173 
2 1122 1173 
2 1108 1173 
2 1167 1173 
2 1168 1174 
2 119 1174 
2 1016 1174 
2 1057 1174 
2 778 1017 
2 1173 1133 
2 1174 1133 
2 1175 319 
2 1176 319 
2 1279 319 
2 891 319 
2 1092 435 
2 435 80 
2 319 80 
2 550 853 
2 183 853 
2 66 853 
2 1185 853 
2 1186 1158 
2 744 1158 
2 524 201 
2 1158 1251 
2 201 1251 
2 481 1251 
2 853 80 
2 1193 1198 
2 1059 1200 
2 1195 716 
2 422 716 
2 791 716 
2 1198 716 
2 989 1200 
2 1200 804 
2 716 804 
2 1202 295 
2 1203 1213 
2 793 1213 
2 996 1213 
2 1079 1214 
2 295 1214 
2 1208 1214 
2 1206 1214 
2 977 351 
2 33 351 
2 351 804 
2 1213 179 
2 1214 179 
2 1215 357 
2 272 357 
2 407 1223 
2 1218 1223 
2 998 1223 
2 1281 1223 
2 1221 357 
2 357 86 
2 1223 86 
2 743 1004 
2 1225 1004 
2 999 981 
2 564 87 
2 981 87 
2 1229 963 
2 1230 963 
2 1231 1055 
2 1067 1055 
2 1233 1055 
2 1043 1055 
2 677 1004 
2 1236 1004 
2 997 174 
2 1055 86 
2 1004 87 
2 499 1246 
2 1241 1246 
2 380 1247 
2 1048 1247 
2 1244 1247 
2 286 1247 
2 1246 1020 
2 1247 1020 
2 1248 25 
2 56 25 
2 1250 25 
2 551 25 
2 1252 1234 
2 1253 1234 
2 128 1234 
2 1255 1234 
2 1256 369 
2 1093 373 
2 247 843 
2 843 1269 
2 856 877 
2 1070 877 
2 807 89 
2 1104 89 
2 880 89 
2 1232 89 
2 1266 235 
2 1257 235 
2 1268 235 
2 1269 235 
2 877 1020 
