260 234 15 20
11 0 64 200 74 162 163 83 147 233 55 57 
2 248 81 
2 71 187 
2 89 192 
9 4 143 179 126 156 188 107 98 122 
2 5 220 
7 141 191 170 40 244 48 152 
8 7 199 27 57 209 59 236 70 
6 8 131 91 84 148 137 
9 9 79 151 149 203 54 227 193 207 
9 85 102 154 65 54 128 223 249 225 
5 11 124 192 176 56 
7 12 200 217 134 124 55 211 
9 13 212 133 119 115 121 3 34 109 
4 237 74 48 152 
2 15 118 
4 82 245 147 253 
11 196 91 170 40 84 148 33 138 231 70 118 
2 213 177 
5 111 201 255 185 173 
3 20 76 73 
9 21 222 140 52 6 225 226 31 232 
4 22 104 83 190 
2 23 30 
7 24 64 200 217 162 134 211 
2 252 231 
5 26 179 123 18 60 
3 88 10 113 
9 28 184 214 221 229 94 49 87 106 
2 194 73 
5 183 126 18 60 135 
9 254 222 242 121 52 208 129 223 167 
2 32 57 
2 51 231 
3 153 98 137 
2 95 76 
4 92 132 233 202 
11 145 222 35 150 201 255 52 185 127 128 173 
2 36 14 
5 204 143 93 78 164 
12 39 136 19 65 117 66 151 149 218 17 197 112 
8 41 131 191 134 244 48 137 152 
9 42 150 44 215 103 117 203 208 6 
5 228 93 78 156 43 
4 182 163 175 160 
4 45 74 56 55 
5 186 91 191 170 137 
3 96 76 73 
10 139 102 44 130 151 149 195 230 62 38 
4 165 30 14 220 
4 50 33 138 70 
11 166 46 155 212 169 215 151 149 189 249 37 
10 80 131 40 244 84 148 219 48 231 152 
2 238 81 
9 2 64 200 162 256 176 219 55 138 
5 142 93 78 188 159 
5 61 93 78 243 107 
5 125 178 18 60 122 
10 58 222 174 180 103 119 198 154 29 52 
4 206 18 60 146 
2 10 234 
2 131 235 
2 91 181 
2 76 157 
2 64 171 
2 116 239 
2 191 240 
2 113 241 
2 143 16 
2 200 105 
2 170 1 
2 40 68 
2 72 246 
2 73 247 
21 74 199 163 256 104 83 245 147 132 233 33 175 27 209 59 236 253 202 160 190 100 
2 75 224 
2 217 250 
2 77 90 
2 162 25 
2 79 101 
2 210 161 
2 81 216 
2 134 53 
2 179 257 
2 244 258 
2 126 259 
2 177 10 
2 151 10 
2 149 10 
2 48 64 
2 3 116 
2 114 116 
2 187 113 
2 93 113 
2 78 113 
2 212 143 
2 47 143 
2 97 72 
2 98 72 
2 34 72 
2 99 72 
2 133 75 
2 102 75 
2 44 75 
2 49 75 
11 57 217 134 130 198 66 127 129 226 227 37 
2 118 217 
2 107 77 
2 108 77 
2 109 77 
2 110 77 
2 152 162 
2 168 79 
4 67 79 97 34 
4 62 79 97 34 
2 115 210 
2 65 210 
2 117 210 
2 106 210 
2 119 179 
2 120 179 
2 121 126 
2 205 126 
2 222 177 
2 52 177 
2 18 187 
2 60 187 
19 256 251 168 46 155 136 19 195 69 218 230 193 253 202 160 190 207 38 112 
7 243 251 46 155 215 249 229 
4 245 251 46 155 
4 251 212 169 189 
7 43 168 203 54 193 207 94 
4 132 168 193 207 
9 199 86 144 242 35 172 180 31 232 
5 233 86 31 209 232 
7 135 86 6 225 31 232 87 
2 86 140 
7 137 199 256 27 209 59 236 
5 138 163 83 147 233 
4 163 144 242 59 
5 84 123 178 146 135 
9 33 123 164 178 243 146 43 135 159 
6 55 123 178 148 146 135 
6 123 144 242 208 221 223 
3 144 121 167 
2 242 29 
9 146 35 150 201 255 185 214 128 173 
3 147 35 27 
3 35 174 167 
8 27 150 201 255 185 214 128 173 
2 150 114 
4 29 140 108 109 
4 167 140 108 109 
7 140 212 169 63 158 67 189 
3 46 62 197 
2 155 17 
2 156 133 
2 63 133 
2 158 133 
8 159 102 44 195 69 230 38 49 
4 160 102 44 49 
9 211 130 198 66 127 129 226 227 37 
9 231 130 198 66 127 129 226 227 37 
2 130 49 
10 164 136 19 65 117 218 17 197 112 106 
5 104 136 19 218 112 
2 136 62 
2 19 67 
2 112 169 
2 169 115 
4 253 215 249 229 
2 215 47 
4 172 174 119 29 
3 173 174 29 
2 174 121 
5 148 164 243 43 159 
2 176 164 
9 70 104 245 132 175 253 202 160 190 
6 178 172 180 103 184 154 
4 83 172 180 236 
2 180 167 
4 236 103 184 154 
2 103 120 
2 30 184 
2 184 120 
2 185 119 
2 198 120 
2 154 120 
2 188 115 
2 189 115 
6 190 65 117 17 197 106 
2 66 106 
2 192 243 
2 193 97 
5 175 195 69 230 38 
2 195 67 
4 17 63 158 67 
3 197 63 158 
2 38 63 
2 124 43 
2 69 62 
2 201 3 
4 202 203 54 94 
2 203 99 
2 54 99 
2 255 3 
2 230 158 
4 59 208 221 223 
2 208 205 
4 209 6 225 87 
2 6 110 
2 31 108 
2 56 159 
2 14 214 
2 214 114 
2 122 3 
2 127 114 
2 128 114 
2 218 189 
2 219 33 
2 220 221 
2 221 205 
2 129 205 
2 223 205 
2 249 47 
2 225 110 
2 226 87 
2 227 94 
2 37 229 
2 229 47 
2 207 34 
2 94 99 
2 232 109 
2 87 110 

