882 773 28 40
111 670 289 498 750 251 878 647 101 146 452 527 528 177 132 347 265 436 178 847 76 760 45 386 392 703 416 221 444 157 438 870 249 250 168 310 546 173 487 649 26 625 262 234 741 510 877 345 340 592 551 326 339 353 215 572 501 449 153 154 318 51 404 666 603 77 619 124 549 716 632 614 722 467 721 447 14 708 478 694 696 697 117 704 86 875 711 231 232 165 291 380 395 118 739 103 120 744 747 254 529 673 475 476 411 179 317 791 769 465 315 461 
80 302 93 19 33 187 39 83 188 313 427 650 304 720 330 15 355 357 368 378 384 322 863 279 435 713 335 412 176 413 89 698 352 344 385 65 245 560 829 484 485 88 333 13 489 492 845 341 568 817 67 518 757 525 167 646 665 544 552 548 419 526 152 692 144 106 515 193 594 828 643 693 432 496 674 331 654 109 4 382 312 
101 75 93 33 187 39 98 188 313 427 650 304 242 553 330 15 125 470 699 793 859 368 857 316 726 322 863 435 713 495 401 412 730 332 89 698 352 268 441 385 829 13 426 845 587 341 502 512 817 67 406 518 757 525 199 161 731 646 544 275 419 155 668 582 526 402 597 605 252 630 577 387 637 144 480 106 515 300 812 594 828 643 691 693 432 496 674 227 654 735 825 680 749 4 38 759 382 356 765 321 461 219 
51 54 301 63 338 357 767 378 384 149 364 279 224 162 115 335 327 418 792 263 332 283 176 159 160 660 493 547 309 441 65 831 472 484 333 492 537 548 275 531 155 668 582 150 596 152 394 634 637 331 109 463 
46 481 301 63 350 355 767 378 149 364 279 224 162 115 408 327 418 332 283 176 159 160 660 352 309 441 472 485 88 333 426 489 569 519 537 226 764 737 668 582 150 634 577 811 258 212 331 
15 712 843 569 587 406 96 657 366 663 598 811 704 809 272 718 
5 383 84 389 156 826 
16 7 365 71 375 414 778 158 256 328 867 223 228 520 578 657 598 
13 8 47 362 21 130 421 453 785 585 596 127 171 367 
16 9 365 71 375 532 414 778 328 555 867 223 228 520 578 657 598 
75 10 301 63 338 350 355 357 374 767 384 149 364 279 224 162 115 335 408 343 327 418 792 263 332 283 176 159 160 660 493 547 309 65 831 472 484 485 88 333 426 489 492 569 519 709 502 537 665 226 764 548 275 531 155 668 582 150 51 596 152 394 634 577 637 811 497 511 258 212 331 809 272 109 397 463 
69 131 19 284 83 720 126 857 316 767 726 364 495 162 401 408 778 730 283 413 159 660 555 560 492 845 568 502 195 161 731 349 665 544 552 531 419 84 526 389 150 605 252 630 387 637 156 480 578 515 300 828 643 299 693 496 674 227 735 825 749 754 4 38 397 759 356 765 321 463 
23 287 362 833 327 421 792 263 256 309 453 785 585 51 607 549 127 171 367 197 770 511 809 754 
97 743 93 19 33 39 83 98 313 427 650 304 720 242 330 15 125 859 126 368 857 726 322 863 713 115 335 418 730 413 698 268 555 385 560 829 485 426 489 569 341 568 502 512 817 195 67 518 757 199 161 349 665 552 548 275 419 155 84 223 402 228 597 152 394 577 156 480 52 106 515 300 812 594 828 643 691 432 496 674 227 654 735 825 680 4 38 397 759 382 121 356 765 321 296 463 461 219 
16 112 362 374 130 343 709 785 585 596 607 127 171 367 770 497 511 
2 393 782 
76 763 97 264 462 452 527 424 636 136 847 536 76 530 417 119 420 444 266 488 600 11 415 290 271 250 168 456 85 540 381 376 137 459 390 454 345 340 592 326 339 564 506 398 572 586 153 318 533 404 595 603 613 619 804 583 661 708 202 697 820 82 231 232 494 823 201 129 103 254 458 529 475 476 179 317 142 
47 23 97 462 424 636 136 164 536 530 417 420 266 488 600 11 415 290 271 166 85 540 615 381 459 454 345 326 339 564 398 586 318 619 804 661 815 820 82 232 494 823 201 129 151 103 476 179 
18 285 833 21 421 505 453 785 585 51 607 549 127 171 367 197 770 688 691 
112 32 289 498 750 55 878 528 710 177 132 347 265 436 178 370 76 760 386 392 37 416 221 420 779 157 438 448 870 249 166 468 546 294 286 487 280 807 396 649 26 455 57 262 234 443 510 843 503 208 192 292 543 877 454 340 592 551 339 41 353 215 572 573 501 404 666 652 603 77 619 124 549 716 632 614 722 466 428 186 721 14 430 324 688 504 694 697 86 875 714 232 494 165 291 380 118 205 744 479 747 458 673 475 756 411 685 317 791 184 465 461 219 
26 20 164 775 536 530 399 417 158 256 415 328 271 540 615 381 398 586 305 520 721 678 820 82 823 118 211 
110 620 55 251 647 101 528 710 265 178 370 728 45 386 145 37 703 221 119 420 444 779 448 870 249 166 655 468 294 286 173 807 455 625 57 239 443 843 503 208 192 292 543 575 454 340 551 41 353 215 573 501 449 589 153 318 404 305 666 652 77 124 716 583 614 722 466 428 186 366 663 721 447 14 708 478 430 324 688 504 694 696 697 117 704 86 875 711 714 231 494 291 380 201 118 103 205 120 479 747 458 529 673 756 411 685 791 184 769 315 219 
18 22 71 164 775 375 399 414 158 256 328 615 867 305 520 657 598 678 211 
59 17 264 462 452 527 424 136 847 76 375 37 417 119 444 266 488 600 11 271 250 168 456 85 381 345 592 326 564 506 572 586 449 153 533 595 603 804 583 722 661 708 478 815 696 117 706 820 231 395 201 129 151 479 254 458 476 317 142 465 
2 93 679 
2 25 358 
2 289 777 
2 818 682 
2 28 274 
2 29 780 
2 30 784 
2 31 509 
7 19 30 431 147 612 677 535 
3 33 78 787 
2 34 788 
2 431 789 
2 498 790 
4 187 517 626 62 
2 284 12 
2 39 373 
2 750 727 
2 545 446 
2 433 24 
2 43 273 
2 44 798 
2 301 323 
2 277 800 
2 47 591 
2 48 237 
2 49 803 
2 832 180 
2 593 805 
2 354 806 
2 599 460 
2 648 808 
3 55 111 880 
2 56 810 
2 864 516 
2 46 557 
2 243 813 
2 60 170 
3 70 69 486 
2 538 102 
3 251 363 624 
2 64 307 
3 464 482 819 
2 783 541 
2 499 821 
3 68 818 822 
2 69 133 
2 483 856 
4 490 753 114 434 
2 72 134 
2 90 827 
2 74 295 
2 878 18 
2 635 830 
2 140 672 
2 282 608 
2 79 868 
2 210 834 
2 81 835 
2 5 836 
2 83 837 
2 647 838 
2 238 839 
2 850 542 
2 450 841 
3 622 95 842 
2 329 700 
3 440 599 40 
2 753 797 
2 786 846 
2 796 334 
2 94 848 
2 114 849 
2 675 42 
2 97 865 
2 98 410 
2 717 853 
2 100 854 
2 101 855 
2 247 824 
2 795 369 
2 879 858 
2 852 862 
2 580 860 
2 742 469 
2 108 319 
2 507 261 
4 188 648 753 35 
2 111 138 
2 508 567 
2 113 633 
2 95 869 
2 313 281 
2 59 872 
2 640 873 
2 264 874 
3 146 750 773 
2 427 876 
2 851 139 
2 122 104 
2 123 255 
2 650 881 
20 63 93 238 188 225 829 771 525 646 544 616 692 193 826 299 683 230 351 676 91 
2 877 25 
2 571 25 
2 128 25 
2 336 25 
28 409 289 44 354 56 864 538 464 68 622 440 114 97 101 852 580 123 517 546 173 625 262 443 844 510 503 748 308 
9 11 289 490 114 173 625 213 120 315 
3 157 818 640 
4 552 818 140 640 
4 575 818 140 640 
15 528 28 44 354 56 464 247 123 571 564 867 506 533 804 641 
20 136 28 864 46 70 464 68 210 699 360 532 325 546 503 566 570 574 748 690 588 
42 87 28 498 48 55 70 251 490 90 878 140 210 81 647 94 100 247 59 146 157 439 310 655 468 487 280 26 57 741 459 154 641 467 0 702 311 183 259 626 576 27 342 
2 116 29 
2 534 29 
2 645 29 
2 141 29 
6 767 30 587 512 406 193 
4 143 30 431 147 
2 526 30 
5 145 31 198 816 766 
2 348 31 
2 147 31 
2 766 31 
8 149 19 83 422 344 52 826 749 
4 150 33 422 524 
10 423 34 69 850 796 879 314 260 844 689 
2 167 34 
2 153 34 
2 154 34 
2 731 431 
2 524 431 
16 462 498 44 251 647 101 123 26 262 443 741 844 510 353 711 714 
14 224 187 701 322 344 845 80 616 298 651 372 715 733 707 
18 863 284 423 194 253 429 361 523 135 616 524 298 578 732 715 214 723 522 
36 160 284 857 423 713 495 194 253 206 89 325 361 320 13 491 425 505 568 523 135 161 267 617 621 623 252 513 627 629 630 632 387 504 382 522 148 
2 161 284 
10 162 39 427 650 99 718 230 121 296 772 
2 671 545 
2 471 545 
2 724 545 
2 473 433 
2 359 433 
3 713 43 47 
5 169 43 47 523 135 
2 755 43 
2 171 43 
7 419 301 701 80 298 651 733 
2 748 277 
2 174 277 
2 175 277 
3 833 47 570 
11 424 48 622 94 247 580 571 641 667 719 673 
14 178 48 864 70 538 490 622 459 390 398 595 659 82 823 
2 578 49 
3 814 49 732 
3 52 49 732 
3 182 49 329 
5 859 832 172 293 610 
2 292 832 
3 185 832 786 
2 186 832 
2 406 593 
2 565 593 
2 189 593 
2 190 593 
13 600 354 56 538 440 793 436 157 468 716 0 447 276 
2 192 599 
2 482 599 
2 817 648 
2 195 648 
2 196 648 
2 447 55 
2 198 56 
11 158 46 87 360 532 409 566 570 574 661 588 
3 664 46 755 
8 215 46 360 532 566 570 574 588 
2 202 243 
2 639 243 
2 204 243 
2 209 243 
2 206 60 
2 207 60 
2 208 60 
2 609 60 
2 519 64 
2 771 64 
2 212 64 
2 213 64 
2 297 783 
2 311 783 
2 216 783 
2 276 499 
2 218 499 
2 73 499 
2 220 499 
4 221 68 197 678 
13 444 69 850 775 314 407 425 400 521 610 678 689 214 
2 231 69 
2 844 483 
2 510 483 
2 183 483 
2 227 490 
6 15 72 831 737 601 754 
4 660 72 67 518 
2 230 72 
4 443 90 244 342 
5 232 90 439 183 342 
2 689 90 
3 234 74 675 
3 235 74 675 
2 236 74 
2 377 74 
10 85 878 146 655 487 154 183 205 626 184 
2 239 635 
2 240 635 
2 241 635 
4 436 140 781 576 
3 517 282 342 
2 244 282 
2 1 79 
2 246 79 
2 539 79 
2 248 79 
7 249 210 440 94 97 580 740 
2 250 81 
3 804 81 259 
3 695 81 5 
19 253 5 742 264 119 250 407 294 286 807 396 455 192 794 575 297 311 388 866 
3 254 5 396 
10 242 238 270 371 422 771 737 692 299 148 
8 435 238 225 422 325 491 425 676 
14 263 238 681 602 391 409 664 725 584 348 589 200 690 723 
4 741 850 689 244 
2 259 850 
4 260 450 111 122 
2 57 450 
3 262 450 122 
3 626 450 122 
6 547 329 368 601 106 734 
2 732 329 
5 735 329 493 831 734 
2 67 440 
2 455 753 
2 625 753 
10 270 786 172 239 208 292 543 579 116 534 
4 448 786 100 59 
11 168 786 742 294 239 208 192 292 543 575 756 
9 452 796 110 466 814 186 430 211 27 
3 779 796 742 
2 26 796 
3 177 114 626 
2 58 675 
2 761 675 
8 279 98 731 514 524 203 227 680 
2 280 717 
2 807 717 
2 363 717 
2 487 100 
2 179 100 
2 829 795 
2 286 795 
2 173 795 
2 91 795 
2 317 879 
2 290 852 
2 791 852 
2 184 852 
3 576 742 108 
2 294 108 
2 866 108 
2 211 507 
2 214 507 
2 604 507 
2 78 507 
2 300 188 
3 314 111 244 
2 655 111 
3 76 508 581 
8 802 508 405 376 137 390 613 202 
2 376 508 
2 306 508 
2 27 113 
2 308 113 
2 342 113 
2 310 95 
2 407 95 
2 312 95 
3 159 313 341 
2 385 59 
2 315 59 
17 316 640 701 344 606 203 617 621 623 513 627 629 632 52 193 826 676 
7 265 264 169 559 815 442 142 
2 318 146 
2 53 851 
2 320 851 
2 148 851 
2 322 123 
8 799 554 776 92 66 861 871 801 
6 304 616 565 628 230 351 
6 720 206 514 226 764 91 
6 527 57 41 573 758 324 
12 327 553 699 793 270 558 617 618 513 627 631 387 
12 328 553 470 699 793 89 325 491 425 400 403 500 
3 553 781 218 
7 330 303 764 163 718 91 772 
3 710 534 213 
5 332 365 400 669 500 
13 615 365 270 371 391 253 802 169 217 621 629 745 233 
3 365 559 337 
2 125 676 
5 309 470 859 371 53 
6 470 571 781 128 442 276 
2 338 737 
2 132 145 
3 340 451 337 
3 592 451 337 
2 451 686 
2 636 442 
4 454 346 269 702 
4 345 346 269 702 
2 346 128 
3 347 563 840 
5 699 843 877 563 3 
3 793 563 3 
2 350 213 
12 792 87 379 474 191 802 2 814 659 667 746 211 
17 352 87 681 379 602 474 391 409 664 191 802 725 2 584 348 589 746 
8 555 87 374 409 664 771 662 690 
12 71 681 379 145 437 191 36 589 631 840 706 746 
5 355 195 199 163 601 
9 164 423 400 506 533 110 814 186 430 
8 357 701 303 512 163 653 52 765 
3 775 604 27 
5 847 286 455 652 428 
2 360 755 
5 536 728 267 534 706 
3 362 135 574 
16 778 859 270 371 423 253 361 169 217 621 629 745 732 233 214 723 
7 364 229 96 167 653 196 718 
10 115 229 245 96 143 605 677 653 196 312 
3 229 278 259 
3 126 692 457 
3 368 278 457 
3 857 581 107 
2 370 758 
6 371 429 705 116 581 185 
3 701 278 683 
7 441 374 437 36 771 662 690 
5 374 206 705 240 107 
10 375 728 416 540 53 320 207 666 181 306 
4 728 194 581 182 
6 681 6 729 1 121 762 
10 378 198 816 349 402 597 658 200 61 812 
11 379 222 774 6 235 729 738 751 246 762 16 
13 726 505 198 816 521 537 267 658 200 61 683 504 769 
7 381 760 145 414 631 840 165 
3 760 590 16 
5 530 222 449 558 618 
9 384 730 521 349 457 662 628 736 769 
2 45 617 
3 386 618 623 
2 21 588 
3 413 225 212 
2 389 225 
3 225 590 562 
2 495 181 
5 392 207 0 213 183 
3 228 602 391 
2 602 50 
4 223 474 802 2 
3 474 50 686 
2 199 194 
3 194 471 204 
3 399 610 214 
8 391 709 105 611 612 758 686 687 
3 401 653 734 
2 402 405 
2 403 405 
2 404 405 
3 405 471 204 
4 37 110 612 442 
4 335 606 651 477 
5 408 606 477 733 351 
2 130 513 
7 532 709 105 611 644 257 687 
3 343 627 812 
2 412 562 
2 703 630 
2 414 768 
6 415 416 53 320 207 306 
5 416 505 638 107 148 
5 417 217 745 658 291 
3 418 144 715 
2 119 174 
4 420 403 467 739 
3 421 497 687 
3 422 182 736 
2 730 182 
4 266 310 280 154 
4 721 488 667 719 
2 488 246 
5 283 429 385 817 757 
3 428 429 185 
3 429 609 241 
2 430 172 
2 324 172 
3 172 609 241 
6 176 560 552 691 296 772 
3 815 206 240 
3 256 519 815 
3 809 437 36 
2 437 719 
4 438 276 746 248 
2 439 244 
7 89 774 738 739 751 1 16 
3 870 151 522 
2 425 222 
2 395 222 
3 222 236 539 
5 325 235 740 288 58 
2 103 517 
2 205 517 
6 271 191 744 479 756 685 
2 698 88 
2 166 120 
2 333 493 
3 493 246 259 
4 191 649 234 248 
5 344 695 78 308 312 
3 268 514 524 
2 456 169 
2 540 78 
2 458 260 
2 529 260 
2 361 27 
2 461 53 
2 219 320 
2 463 65 
2 65 308 
2 465 376 
3 831 604 312 
2 245 604 
2 468 866 
2 546 866 
2 560 576 
2 356 472 
2 472 363 
3 583 807 297 
2 396 363 
2 475 774 
2 476 774 
2 774 58 
2 397 303 
2 303 707 
2 649 761 
2 4 725 
2 725 695 
2 38 484 
2 484 695 
2 485 749 
2 88 246 
2 13 240 
2 426 736 
2 489 680 
2 201 491 
3 491 740 539 
3 492 740 539 
2 845 689 
2 494 844 
2 400 218 
2 843 220 
2 820 36 
2 36 218 
2 569 99 
3 106 587 406 
2 587 220 
2 341 702 
2 503 216 
2 504 207 
2 505 609 
2 568 240 
2 709 209 
2 14 137 
2 137 209 
2 502 258 
2 511 198 
2 512 196 
2 497 816 
2 816 482 
2 515 669 
2 669 0 
2 96 190 
2 518 185 
2 757 185 
2 520 521 
2 521 182 
2 770 523 
2 523 174 
2 156 525 
2 525 656 
2 722 794 
2 794 174 
2 135 174 
2 459 175 
2 367 755 
2 607 105 
2 105 471 
2 533 2 
3 2 671 204 
3 390 671 204 
2 349 147 
2 537 147 
2 668 514 
2 514 610 
2 84 646 
2 646 278 
2 665 163 
2 543 141 
2 544 579 
2 155 226 
2 226 561 
2 764 561 
2 548 556 
2 275 556 
2 531 80 
2 551 563 
2 326 559 
2 339 571 
2 41 337 
2 353 781 
2 556 561 
2 80 561 
2 737 559 
2 559 128 
2 337 336 
2 561 336 
2 781 128 
2 563 336 
2 564 576 
2 453 566 
2 566 579 
2 867 293 
2 267 293 
2 506 293 
2 570 705 
2 398 705 
2 572 116 
2 573 116 
2 574 534 
2 163 579 
2 293 645 
2 610 645 
2 278 141 
2 579 141 
2 705 141 
2 581 645 
3 582 143 677 
2 785 584 
2 584 766 
2 585 348 
2 586 501 
2 501 6 
2 449 6 
2 589 590 
2 616 590 
2 6 766 
2 590 766 
2 51 402 
2 305 595 
2 595 50 
2 596 597 
2 597 611 
2 666 613 
2 152 606 
2 110 50 
2 652 613 
2 394 605 
2 603 611 
2 298 203 
2 605 612 
2 606 457 
2 692 203 
2 50 671 
2 457 671 
2 203 471 
2 611 724 
2 612 724 
2 613 724 
2 77 558 
2 558 181 
2 217 644 
2 617 644 
2 618 181 
2 619 124 
2 124 768 
2 621 768 
2 549 623 
2 623 768 
2 127 252 
2 252 644 
2 513 257 
2 627 257 
2 716 642 
2 629 642 
2 630 638 
2 631 638 
2 632 642 
2 745 642 
2 634 562 
2 577 562 
2 387 638 
2 637 144 
2 144 677 
2 562 473 
2 181 473 
2 768 473 
2 642 473 
2 677 359 
2 644 359 
2 257 359 
2 638 359 
2 197 748 
2 614 748 
2 480 601 
2 466 467 
2 651 656 
2 601 641 
2 653 656 
2 641 175 
2 467 175 
2 656 175 
2 657 659 
2 658 565 
2 659 565 
2 366 662 
2 661 189 
2 662 189 
2 663 840 
2 200 190 
2 840 190 
2 598 61 
2 667 189 
2 61 189 
2 811 565 
2 0 482 
2 193 196 
2 812 687 
2 594 477 
2 708 202 
2 828 299 
2 478 758 
2 643 258 
2 678 686 
2 477 684 
2 258 684 
2 826 683 
2 299 684 
2 683 639 
2 684 639 
2 758 202 
2 686 639 
2 687 209 
2 688 233 
2 233 550 
2 690 550 
2 691 550 
2 550 609 
2 693 212 
2 694 269 
2 269 311 
2 696 311 
2 697 388 
2 117 388 
2 432 372 
2 496 372 
2 372 297 
2 702 216 
2 388 216 
2 704 706 
2 500 445 
2 706 445 
2 86 3 
2 674 628 
2 875 3 
2 331 99 
2 711 276 
2 82 719 
2 272 628 
2 714 218 
2 715 445 
2 628 445 
2 99 73 
2 718 73 
2 719 73 
2 445 220 
2 442 220 
2 3 73 
2 654 230 
3 165 729 121 
4 291 729 751 762 
2 380 235 
2 823 235 
2 118 129 
2 129 738 
2 151 738 
2 109 734 
2 825 736 
2 733 236 
2 734 236 
2 680 739 
2 736 377 
2 729 377 
2 738 377 
2 739 377 
2 740 236 
2 588 107 
2 107 241 
2 120 751 
2 744 1 
2 479 1 
2 746 288 
2 747 288 
2 351 752 
2 749 752 
2 676 752 
2 751 248 
2 752 539 
2 288 248 
2 754 695 
2 673 308 
2 756 762 
2 411 58 
2 685 16 
2 759 707 
2 382 707 
2 121 761 
2 762 761 
2 16 761 
2 707 58 
2 765 363 
2 321 91 
2 142 866 
2 723 604 
2 769 78 
2 522 306 
2 296 306 
2 772 148 
