403 338 16 26
3 380 248 233 
14 312 278 172 299 254 366 368 244 202 200 26 95 274 131 
4 2 66 248 233 
8 3 396 93 81 187 149 311 7 
9 258 94 201 93 81 187 307 7 289 
13 133 191 155 182 215 296 143 308 253 188 247 251 160 
10 145 123 270 0 111 108 310 276 151 208 
4 224 60 171 204 
5 402 349 297 267 326 
14 124 152 349 63 279 368 328 127 202 33 192 117 398 334 
9 319 166 94 64 148 310 317 345 203 
9 11 64 148 328 310 317 345 203 240 
6 12 400 290 142 280 267 
4 154 64 148 309 
2 14 303 
17 15 85 268 152 63 279 294 295 368 86 127 202 33 192 117 398 330 
11 16 266 76 181 297 177 144 253 151 203 112 
12 17 155 182 215 340 143 163 188 247 251 160 55 
9 18 283 397 141 198 111 126 275 151 
3 393 60 171 
5 388 266 297 177 193 
11 250 332 397 20 86 275 33 234 160 324 176 
3 22 295 330 
3 205 290 280 
9 24 397 373 392 71 276 6 345 217 
10 194 349 63 279 328 127 117 398 176 334 
4 98 290 280 82 
4 27 299 95 274 
3 50 347 335 
7 29 373 273 392 71 276 176 
11 30 332 273 20 86 309 275 234 160 324 176 
6 31 291 294 295 82 230 
8 348 266 297 177 144 253 153 112 
5 175 169 60 25 356 
5 125 60 171 10 204 
8 35 38 396 262 45 177 237 277 
6 36 273 20 276 217 383 
22 221 77 85 283 122 268 100 152 279 294 295 368 86 88 127 202 33 234 192 117 398 330 
20 216 69 159 85 89 91 264 191 246 201 242 38 262 45 244 235 245 200 289 240 
6 165 190 142 307 267 330 
5 87 156 369 115 150 
4 367 78 233 134 
14 42 320 190 278 172 293 400 179 143 185 251 376 230 131 
4 401 331 291 391 
13 44 120 246 201 242 254 187 301 45 307 245 289 240 
10 265 320 190 278 172 400 366 376 230 131 
7 46 331 48 291 342 288 237 
11 47 246 56 254 187 301 149 311 245 289 132 
3 292 299 274 
6 49 331 48 291 342 288 
3 211 71 167 
8 23 284 28 56 81 301 391 277 
12 32 155 182 287 296 308 144 253 317 247 324 383 
9 43 116 156 169 369 115 150 25 356 
10 54 201 242 38 396 93 143 185 7 240 
7 395 28 56 81 301 391 277 
9 92 260 287 296 212 308 167 342 247 
10 101 331 48 340 7 342 210 26 132 326 
6 102 128 70 311 163 171 
16 238 122 320 260 141 287 172 293 400 212 179 328 185 193 6 131 
4 57 303 336 55 
16 121 77 283 100 270 0 141 198 111 126 108 310 275 151 208 228 
13 62 28 254 262 366 88 235 26 95 112 391 237 334 
3 105 212 55 
9 357 77 283 155 141 198 215 340 307 
2 65 338 
2 66 8 
2 113 184 
2 68 51 
2 69 381 
2 166 343 
2 259 344 
2 360 236 
2 332 346 
2 206 135 
2 209 173 
2 382 316 
2 77 350 
2 78 351 
2 164 282 
2 80 353 
2 159 19 
2 352 355 
2 21 257 
2 84 365 
2 85 358 
2 136 157 
2 40 59 
2 284 107 
2 89 53 
2 116 363 
2 91 364 
2 264 180 
2 79 377 
2 94 339 
2 67 199 
2 96 220 
2 97 370 
2 9 371 
2 99 372 
2 128 140 
2 390 58 
2 161 315 
2 227 261 
2 214 305 
2 225 37 
2 106 379 
2 1 39 
2 231 361 
2 109 269 
2 110 243 
2 375 272 
2 337 341 
2 302 386 
2 283 387 
2 248 104 
2 323 389 
2 114 300 
2 118 325 
2 329 318 
2 120 103 
2 61 394 
2 122 90 
2 123 232 
2 73 333 
2 191 399 
2 268 34 
2 354 271 
2 100 41 
4 129 65 138 281 
7 373 65 259 360 352 231 138 
3 327 65 138 
2 306 65 
5 5 66 78 106 248 
3 134 66 248 
4 347 113 73 354 
3 70 113 118 
2 137 113 
2 138 68 
2 139 68 
2 179 68 
9 141 69 159 85 89 91 264 191 268 
5 368 69 89 264 191 
2 143 69 
3 86 166 196 
3 328 166 196 
3 146 166 94 
2 72 259 
4 186 259 360 352 
2 149 259 
3 313 360 302 
2 177 360 
3 152 332 378 
4 384 332 21 123 
3 76 206 227 
2 223 206 
2 156 209 
8 322 209 382 9 298 195 52 252 
4 158 209 9 252 
2 255 209 
5 235 382 298 195 52 
4 163 382 195 52 
2 162 382 
8 170 78 106 134 374 197 75 83 
4 213 78 134 197 
7 0 164 136 390 1 337 255 
4 144 164 390 337 
4 286 164 390 337 
2 245 164 
3 169 80 128 
3 374 80 128 
2 171 80 
2 202 159 
2 193 352 
2 174 352 
2 33 21 
3 6 84 225 
3 151 84 225 
3 178 84 225 
2 218 84 
2 64 136 
3 181 136 40 
2 153 136 
6 183 40 97 114 329 120 
2 345 40 
3 168 284 61 
7 38 284 256 306 213 158 147 
4 187 284 213 147 
2 188 89 
13 189 116 79 67 110 347 5 169 255 162 385 281 241 
6 74 116 79 67 169 385 
2 298 116 
2 192 91 
2 251 264 
3 25 79 385 
2 195 79 
2 196 94 
2 197 67 
3 198 96 122 
2 160 96 
2 200 96 
9 201 97 72 76 181 178 210 249 132 
8 172 97 114 72 313 76 181 249 
2 203 97 
2 204 9 
2 385 9 
8 349 99 168 130 108 4 74 226 
7 207 99 110 323 5 168 130 
5 208 99 323 168 130 
2 75 99 
2 210 390 
5 28 161 213 158 274 
2 304 161 
2 267 161 
2 82 161 
11 215 227 384 183 170 146 144 178 359 239 335 
10 148 227 189 327 186 286 208 229 378 249 
2 217 227 
4 130 214 375 302 
4 219 214 109 304 
2 376 214 
2 378 225 
2 222 106 
7 155 1 219 137 223 153 362 
2 112 1 
2 249 1 
2 226 231 
2 281 231 
3 398 109 304 
3 229 109 304 
2 230 109 
3 108 110 5 
2 83 110 
2 359 375 
2 13 375 
2 132 337 
4 340 302 129 186 
2 237 302 
2 147 323 
2 239 323 
2 240 114 
2 241 118 
3 242 329 146 
2 131 329 
3 244 120 384 
4 185 120 384 200 
4 246 61 313 174 
7 93 61 139 313 262 174 222 
2 277 61 
5 63 123 183 186 218 
4 234 123 183 218 
2 52 73 
2 252 354 
3 320 322 226 
3 254 256 306 
3 81 256 306 
2 256 75 
4 190 170 137 335 
5 4 347 255 162 241 
3 71 347 241 
2 260 219 
3 369 70 252 
4 262 70 374 281 
4 263 70 374 281 
4 56 139 235 222 
3 45 139 222 
5 266 189 149 208 229 
5 296 313 129 163 55 
2 126 384 
5 397 0 207 223 10 
2 270 10 
2 127 76 
2 182 167 
4 273 0 207 10 
9 331 156 369 108 314 74 75 82 336 
5 275 119 314 321 229 
5 276 119 314 321 229 
2 119 374 
7 278 146 193 178 82 359 239 
5 279 64 327 286 249 
8 111 183 285 373 369 146 217 336 
2 362 168 
2 392 285 
4 20 285 373 71 
2 247 285 
3 285 298 385 
4 233 322 263 321 
5 287 170 13 239 335 
5 396 219 235 83 13 
4 289 219 83 13 
2 290 189 
2 291 129 
2 48 13 
3 293 286 362 
2 294 207 
4 299 322 213 263 
2 307 322 
2 297 327 
2 400 306 
3 295 4 74 
2 60 4 
2 301 263 
2 115 336 
2 303 137 
2 212 137 
4 366 179 286 362 
2 142 179 
2 88 186 
2 308 149 
2 309 223 
2 310 223 
2 311 158 
2 167 255 
2 150 314 
2 314 162 
2 7 245 
2 253 174 
2 317 218 
2 342 362 
2 10 195 
2 356 321 
2 321 197 
2 117 200 
2 280 75 
2 324 217 
3 26 376 230 
2 288 376 
2 383 378 
2 176 378 
2 95 222 
2 330 226 
2 274 83 
2 391 359 
2 326 239 
2 334 147 
2 335 241 
2 336 52 
2 55 252 
