951 814 30 40
6 0 354 842 406 499 462 
6 110 910 371 235 893 462 
11 722 124 559 412 344 709 744 58 759 825 707 
6 3 127 871 199 541 770 
6 749 774 525 361 881 177 
6 449 681 825 407 420 654 
2 868 79 
7 7 153 739 433 595 707 799 
5 8 910 371 714 893 
6 464 89 874 903 436 226 
5 456 871 199 541 304 
6 521 789 591 275 654 804 
9 922 539 869 328 186 196 220 689 802 
3 13 572 373 
6 630 219 410 594 499 482 
4 99 871 541 873 
5 16 497 549 519 399 
6 638 57 438 420 461 804 
5 18 247 681 710 134 
5 19 842 406 499 15 
3 20 785 373 
3 21 497 519 
11 631 562 459 571 43 2 535 698 173 777 377 
6 174 855 57 438 461 474 
7 365 86 903 754 177 226 350 
8 875 797 349 375 489 712 484 794 
7 896 574 611 662 241 491 867 
7 914 384 316 598 529 331 385 
7 928 203 225 800 76 734 733 
6 891 331 15 482 568 474 
11 815 599 543 544 697 546 351 773 624 216 918 
5 31 410 594 364 616 
12 563 586 633 692 876 699 161 125 454 362 856 318 
8 33 669 225 800 368 734 733 106 
4 480 844 906 616 
6 894 452 713 714 462 616 
6 297 299 315 121 624 214 
2 37 361 
4 38 910 713 893 
7 840 412 709 715 334 689 215 
2 747 542 
2 938 305 
6 116 15 482 545 462 616 
6 947 86 903 754 177 226 
5 44 716 387 75 49 
10 513 412 709 743 744 769 764 346 407 689 
11 81 383 384 316 431 598 932 529 855 400 568 
6 791 574 611 662 241 491 
16 102 548 579 612 685 675 249 582 341 674 686 543 544 624 61 581 
6 604 789 591 568 799 215 
8 50 511 52 72 557 678 650 679 
6 291 197 267 305 472 611 
6 879 465 671 817 385 474 
5 332 195 699 413 567 
6 664 655 506 490 49 515 
15 314 209 732 857 486 496 88 580 382 649 357 754 570 307 786 
6 56 566 590 662 158 241 
8 428 635 615 944 872 697 546 351 
5 118 154 161 588 92 
5 503 264 465 385 461 
15 904 209 732 857 486 496 88 580 382 649 357 335 776 570 786 
5 727 634 655 374 515 
2 62 920 
6 63 384 477 15 824 385 
7 221 72 557 701 34 155 123 
5 48 655 506 301 475 
2 66 381 
6 67 285 512 91 515 526 
2 811 549 
46 288 422 180 127 469 191 871 473 199 201 708 94 209 898 64 4 492 716 274 97 481 169 293 24 234 299 732 911 857 486 496 497 88 580 382 649 423 881 317 471 424 866 786 226 216 463 
6 70 809 704 652 863 214 
5 269 477 482 824 245 
5 502 431 381 932 504 
6 73 748 374 853 680 526 
15 74 209 732 857 486 496 88 580 382 649 357 335 778 570 786 
5 564 512 91 853 515 
7 637 571 43 2 698 770 745 
2 934 549 
6 78 703 778 307 943 918 
15 55 300 626 204 87 677 446 447 435 143 756 460 461 491 886 
5 80 383 431 932 855 
7 236 514 703 254 661 312 628 
3 82 535 423 
4 83 97 27 943 
15 84 300 626 204 87 677 446 447 435 143 756 568 460 470 886 
6 448 76 701 106 416 214 
9 140 492 600 602 321 661 312 628 918 
4 1 441 245 474 
6 569 43 493 397 745 304 
4 390 422 191 508 
6 833 262 441 47 57 245 
10 520 593 600 602 239 803 728 307 312 628 
6 547 777 261 214 49 918 
2 302 381 
4 147 422 191 508 
5 95 493 397 873 745 
11 96 45 398 600 602 498 239 125 778 312 628 
5 165 441 47 438 245 
15 98 300 626 204 87 677 446 447 435 143 756 420 460 470 886 
6 40 740 780 805 808 627 
6 767 778 307 806 810 812 
9 198 296 442 443 648 658 388 641 420 
7 71 36 642 657 100 768 787 
8 348 455 730 760 672 741 731 853 
7 119 907 189 107 636 200 806 
3 303 243 372 
12 735 109 442 629 648 694 17 309 949 54 632 654 
6 479 173 374 853 810 526 
11 836 518 688 362 758 672 741 731 712 687 526 
6 356 888 729 644 683 379 
6 558 189 107 636 200 680 
42 111 607 193 211 146 46 844 170 338 910 371 235 300 247 252 182 257 258 295 268 693 272 230 626 204 87 442 677 446 447 435 472 143 402 746 104 241 429 460 466 476 886 
2 93 243 
9 948 550 511 52 720 416 672 820 374 
6 114 777 770 873 49 304 
11 115 338 573 494 665 795 790 430 736 14 57 
7 42 702 298 396 895 107 776 
2 556 900 
12 902 522 588 718 416 672 820 92 413 567 943 794 
8 340 536 642 657 393 100 768 921 
12 229 283 442 443 629 596 658 594 666 656 801 654 
6 457 349 770 873 943 304 
6 432 298 396 895 122 261 
3 517 592 533 
5 505 562 459 535 173 
9 240 289 911 684 450 577 301 777 650 
6 126 776 261 805 808 627 
9 524 46 494 665 358 790 430 784 804 
5 128 869 621 765 220 
8 129 274 635 944 408 414 613 810 
3 130 772 533 
12 311 205 911 450 392 678 646 636 155 123 475 261 
4 807 512 810 745 
10 133 170 494 665 795 366 790 430 14 438 
6 271 776 780 806 680 812 
11 135 708 635 944 674 686 414 613 676 61 806 
13 136 942 575 576 573 409 389 723 724 725 887 931 545 
3 137 336 801 
24 138 792 434 427 718 720 254 728 103 508 750 758 760 653 121 773 387 200 780 676 726 719 706 437 
7 139 705 645 386 949 54 802 
12 276 94 398 635 944 675 674 686 414 613 61 812 
26 926 306 451 596 771 715 367 360 353 539 595 759 523 769 656 660 404 801 467 85 77 752 516 784 710 799 
9 142 268 757 22 164 160 752 280 591 
14 864 263 327 389 690 691 862 609 587 251 743 58 765 775 
11 601 213 911 684 392 577 540 793 508 780 437 
8 145 907 829 189 622 653 200 812 
6 202 380 750 661 741 680 
4 509 766 775 196 
12 585 693 352 751 553 757 164 160 552 554 516 789 
8 212 925 608 355 364 660 85 789 
2 150 532 
7 151 608 355 623 309 85 591 
11 369 319 444 534 59 483 537 467 339 825 466 
7 326 421 353 887 931 379 689 
14 10 531 946 565 673 795 751 553 22 444 534 552 736 339 
7 282 164 160 77 858 476 804 
6 156 355 623 309 85 215 
7 157 560 614 719 950 463 808 
8 589 739 705 645 433 694 641 763 
11 159 575 576 587 723 333 367 887 931 39 921 
9 555 481 721 341 560 614 706 419 805 
7 668 179 354 842 623 406 545 
8 162 494 665 663 308 59 483 537 
12 184 169 249 582 721 458 560 614 726 581 583 627 
9 667 232 575 576 360 887 931 787 707 
6 222 257 659 404 339 407 
5 270 465 671 388 632 
5 35 396 895 122 627 
6 168 527 825 407 799 215 
6 281 266 279 540 122 805 
6 217 787 379 545 921 802 
5 171 266 540 622 808 
6 860 709 787 379 921 802 
2 187 250 
2 310 880 
2 175 816 
2 847 163 
2 422 818 
2 607 819 
2 179 30 
2 180 821 
2 181 822 
2 925 695 
2 183 788 
2 124 826 
2 127 551 
2 469 828 
2 781 188 
2 608 830 
2 323 294 
2 190 832 
2 191 936 
2 192 834 
2 193 835 
2 194 108 
2 871 837 
2 473 838 
2 211 839 
2 101 411 
2 199 841 
2 669 425 
2 201 670 
2 146 120 
2 203 845 
2 708 846 
2 205 23 
2 206 848 
2 94 849 
2 809 561 
2 209 851 
2 210 852 
2 197 501 
2 46 854 
2 213 468 
2 69 208 
2 844 148 
2 500 530 
2 289 859 
2 218 172 
2 898 861 
2 170 647 
2 64 782 
2 32 865 
2 338 68 
2 942 6 
2 4 927 
2 219 870 
2 910 696 
2 492 619 
2 53 439 
2 371 603 
2 410 401 
2 232 90 
2 233 877 
2 354 717 
2 235 284 
2 149 253 
2 237 538 
2 238 882 
2 287 883 
2 907 884 
2 391 885 
2 300 929 
2 243 207 
2 244 292 
2 878 889 
2 246 890 
2 247 29 
2 109 892 
2 716 915 
2 518 167 
2 702 345 
2 252 26 
2 182 897 
2 453 597 
2 255 25 
2 256 178 
2 257 901 
2 258 144 
2 259 228 
2 829 930 
2 363 905 
2 262 132 
2 298 343 
2 264 909 
2 295 227 
2 266 606 
2 267 912 
2 268 913 
2 65 265 
2 279 342 
2 693 916 
2 272 917 
2 231 919 
2 274 798 
2 97 12 
2 248 105 
2 277 924 
2 278 5 
2 481 488 
2 774 185 
2 169 28 
2 45 620 
2 610 60 
2 593 783 
2 285 478 
2 286 325 
2 230 850 
2 525 935 
2 634 682 
2 290 937 
2 51 41 
2 888 939 
2 293 940 
2 762 941 
2 24 700 
2 296 738 
2 36 578 
2 234 945 
2 299 337 
2 242 899 
2 536 113 
2 283 753 
2 755 415 
2 355 187 
35 305 187 101 287 618 531 263 946 565 451 327 771 322 673 795 389 690 691 862 609 587 251 743 58 751 553 22 765 775 523 444 534 552 736 339 
5 158 187 101 287 618 
5 656 187 101 287 618 
2 224 310 
2 659 310 
2 404 310 
2 402 310 
2 394 175 
2 313 175 
2 923 847 
2 315 847 
2 121 847 
2 317 847 
17 580 422 191 225 800 813 678 646 155 652 123 863 737 793 643 370 437 
2 319 607 
2 418 607 
7 618 179 925 608 219 410 354 
5 322 179 354 842 406 
2 599 180 
2 324 180 
21 626 181 124 218 32 942 53 232 237 888 36 536 263 251 386 334 328 186 764 346 275 
2 153 181 
17 327 181 237 559 344 409 273 393 485 796 724 725 869 621 766 131 763 
4 771 925 608 355 
2 117 183 
2 330 183 
2 858 183 
2 746 183 
2 273 124 
3 813 469 473 
2 335 469 
2 370 469 
2 946 781 
2 223 781 
2 280 781 
2 104 781 
2 640 323 
2 387 323 
2 471 323 
3 344 190 334 
2 651 190 
2 346 190 
2 347 190 
2 173 192 
2 349 192 
2 605 192 
2 141 193 
2 352 193 
2 353 193 
5 263 194 69 313 347 
2 334 194 
2 643 473 
2 357 473 
2 358 211 
2 359 211 
2 360 211 
2 451 101 
19 732 669 203 809 244 518 248 278 45 593 290 762 242 586 454 34 455 380 740 
10 103 669 797 378 368 349 489 712 484 794 
4 375 669 378 368 
2 79 201 
2 366 146 
2 367 146 
2 368 203 
16 459 708 94 716 274 481 169 285 634 24 299 91 493 490 216 463 
2 571 708 
4 911 205 213 289 
2 684 205 
4 373 205 213 289 
2 374 206 
2 307 206 
2 376 206 
2 377 94 
2 378 809 
4 586 210 255 231 
2 380 210 
8 381 197 267 566 305 472 590 158 
4 662 197 267 305 
16 383 46 170 338 247 182 257 262 264 268 693 477 817 47 466 476 
2 384 46 
2 450 213 
2 386 69 
3 893 844 906 
3 388 844 906 
4 204 500 383 472 
2 590 500 
2 241 500 
2 392 289 
2 251 218 
2 887 218 
2 395 898 
2 9 898 
2 316 170 
2 398 64 
2 931 32 
2 400 338 
8 336 942 153 421 273 333 386 394 
3 131 942 394 
2 403 4 
2 458 4 
2 254 4 
4 406 219 410 594 
10 792 492 398 458 395 599 315 75 950 419 
2 408 492 
3 409 53 232 
2 333 53 
2 39 53 
2 933 232 
2 510 233 
2 487 233 
2 950 233 
2 424 233 
2 612 149 
2 320 149 
2 419 149 
2 866 149 
2 421 237 
2 625 238 
2 710 238 
2 429 238 
2 842 287 
7 426 907 702 829 298 266 279 
4 427 907 829 189 
2 57 391 
2 15 391 
2 166 391 
2 431 243 
2 550 244 
19 633 244 762 242 368 176 498 154 195 639 112 803 495 688 417 588 730 679 687 
2 434 878 
35 361 878 256 363 548 586 579 612 426 434 633 843 427 685 675 692 876 699 161 125 454 249 582 341 674 686 362 856 318 103 543 544 624 61 581 
5 436 878 256 363 426 
5 437 878 256 363 426 
2 438 246 
2 482 246 
2 440 246 
2 441 247 
4 442 109 296 283 
2 443 109 
4 533 109 296 283 
2 512 716 
2 176 518 
2 417 518 
5 843 702 298 396 895 
2 900 252 
2 385 182 
2 245 182 
2 452 453 
2 855 453 
2 260 453 
2 455 255 
2 189 256 
2 47 257 
16 446 258 295 336 642 657 694 17 711 949 644 54 683 666 656 801 
2 152 258 
2 460 258 
2 461 259 
2 462 259 
2 507 259 
2 396 363 
4 465 262 441 47 
2 466 262 
2 671 264 
2 476 264 
2 814 295 
2 470 295 
4 895 266 279 540 
2 472 267 
2 817 268 
2 474 65 
2 616 65 
2 405 65 
2 477 693 
2 932 272 
2 886 272 
2 34 231 
2 43 274 
3 541 97 27 
3 301 97 27 
2 454 248 
2 312 248 
4 486 277 459 881 
2 874 277 
2 226 277 
2 628 278 
2 490 481 
8 549 774 525 361 89 881 874 436 
4 903 774 525 361 
2 493 169 
9 797 45 593 550 514 176 522 34 687 
3 495 45 522 
5 496 610 293 519 423 
2 497 610 
2 498 593 
4 655 285 512 91 
2 216 285 
2 853 286 
2 214 286 
2 827 286 
2 573 230 
2 881 525 
2 506 634 
2 463 634 
2 321 290 
2 943 51 
2 49 51 
2 823 51 
2 445 888 
2 535 293 
2 514 762 
2 515 24 
2 745 24 
2 629 296 
2 393 36 
2 519 234 
2 91 299 
2 11 242 
2 522 242 
12 523 536 336 445 393 452 328 764 651 742 39 933 
11 801 536 445 393 452 328 764 651 742 39 933 
2 648 283 
2 526 755 
2 918 755 
2 528 755 
18 677 306 715 367 360 353 539 595 759 769 404 467 77 752 516 784 710 470 
18 584 306 715 367 360 353 539 595 759 523 769 404 467 77 752 516 784 710 
10 306 573 366 358 352 319 659 858 280 134 
17 532 224 625 573 366 358 359 141 352 223 330 319 659 418 858 280 134 
2 444 224 
4 534 224 908 625 
4 59 224 908 625 
2 483 531 
2 537 531 
2 531 659 
18 87 263 327 900 584 389 690 691 862 609 587 251 743 58 765 775 158 660 
17 88 792 813 718 720 254 728 750 758 760 121 773 387 676 726 719 706 
17 831 792 718 720 254 728 103 750 758 760 121 773 387 676 726 719 706 
17 542 923 640 398 408 320 487 403 458 395 599 315 324 75 9 950 419 
2 543 923 
4 544 923 329 640 
4 697 923 329 640 
2 546 548 
2 351 548 
2 548 315 
2 869 153 
2 763 153 
3 22 117 330 
3 552 117 330 
3 553 946 223 
2 554 946 
3 624 329 640 
2 329 471 
4 739 559 344 273 
4 433 559 344 273 
2 559 347 
8 508 797 349 375 489 712 484 794 
10 27 562 459 571 43 2 535 698 173 377 
2 562 423 
4 494 565 553 22 
5 665 565 751 757 554 
3 565 141 352 
5 566 451 771 322 523 
4 666 451 771 322 
16 857 79 586 633 831 692 876 699 161 125 454 362 856 318 653 436 
2 540 79 
2 570 79 
4 785 684 450 392 
4 572 684 450 392 
10 906 383 384 316 431 598 932 529 855 400 
4 574 152 814 711 
2 575 485 
2 576 796 
5 635 579 249 721 583 
4 944 579 582 341 
3 579 403 458 
3 341 510 487 
3 581 510 487 
3 582 612 320 
2 583 612 
2 485 421 
2 796 421 
3 339 908 625 
2 908 429 
2 588 550 
2 679 550 
5 89 434 843 427 103 
4 793 434 843 427 
4 592 443 629 648 
4 772 443 629 648 
2 594 900 
2 756 900 
2 596 336 
3 412 152 814 
4 598 465 671 817 
2 824 598 
2 600 639 
4 86 737 643 370 
2 602 112 
2 397 2 
4 2 655 506 490 
3 423 497 519 
2 239 321 
2 803 321 
2 484 321 
2 639 514 
2 112 514 
4 611 566 590 158 
3 447 592 533 
4 613 615 697 351 
4 614 615 697 351 
2 615 685 
2 475 27 
3 414 872 546 
3 560 872 546 
3 872 685 544 
3 107 831 577 
3 122 831 577 
2 622 831 
3 623 584 658 
3 382 785 373 
4 177 89 874 436 
2 155 511 
2 92 511 
5 511 176 417 731 687 
3 123 52 679 
2 413 52 
5 52 176 688 417 730 
2 632 906 
2 949 739 
2 220 739 
2 577 542 
2 636 542 
2 653 542 
3 17 705 645 
3 683 705 54 
6 705 409 485 725 766 131 
5 641 642 657 644 683 
3 642 690 609 
3 435 772 533 
3 644 645 949 
7 645 409 796 724 869 621 131 
3 646 72 557 
3 863 72 123 
6 72 498 195 112 803 495 
3 649 572 373 
5 650 225 800 652 863 
3 225 876 318 
3 652 557 155 
7 557 498 154 639 239 495 588 
3 800 692 856 
3 499 584 658 
2 364 584 
3 657 691 862 
2 658 532 
2 309 532 
2 660 532 
4 430 663 59 537 
4 160 663 59 537 
2 663 673 
3 54 433 763 
3 196 433 763 
3 790 308 483 
3 164 308 483 
3 308 673 534 
2 200 843 
2 85 322 
4 661 813 737 748 
4 672 813 737 748 
3 673 319 418 
3 685 599 324 
2 675 9 
2 694 729 
2 529 477 
2 678 704 
2 698 493 
2 856 378 
2 318 378 
2 862 445 
2 609 445 
2 795 358 
2 674 408 
2 686 408 
2 389 39 
5 707 152 814 527 711 
5 689 152 814 527 711 
2 690 729 
2 691 729 
2 692 704 
2 876 704 
2 76 528 
2 154 11 
2 195 11 
2 794 11 
2 617 522 
2 699 617 
2 161 617 
2 701 823 
2 125 484 
2 703 827 
2 704 34 
2 681 405 
2 331 507 
2 688 455 
2 687 455 
2 709 275 
2 527 260 
2 711 756 
2 712 417 
2 713 440 
2 714 166 
2 715 429 
2 249 320 
2 706 320 
2 718 866 
2 719 487 
2 720 424 
2 721 581 
2 587 933 
2 723 933 
2 724 333 
2 725 333 
2 726 403 
2 61 395 
2 728 9 
2 729 386 
2 730 380 
2 731 380 
2 362 489 
2 733 652 
2 734 863 
2 106 376 
3 736 366 359 
2 737 570 
2 14 359 
2 784 359 
3 820 643 370 
4 741 643 416 370 
2 742 334 
2 743 742 
2 744 742 
2 516 141 
2 740 605 
2 416 605 
2 748 605 
2 58 651 
2 750 471 
2 751 223 
2 752 223 
2 539 104 
2 754 335 
2 77 330 
2 595 746 
2 757 552 
2 758 324 
2 759 418 
2 760 317 
2 761 394 
2 186 394 
2 621 313 
2 766 313 
2 765 761 
2 775 761 
2 100 644 
2 768 683 
2 769 402 
2 143 656 
2 328 313 
2 467 418 
2 773 324 
2 75 471 
2 764 347 
2 776 779 
2 777 779 
2 778 779 
2 779 605 
2 780 376 
2 261 376 
2 770 376 
2 489 731 
2 676 9 
2 134 429 
2 786 437 
2 787 166 
2 825 166 
2 789 166 
2 567 679 
2 379 440 
2 407 440 
2 591 440 
2 545 260 
2 420 260 
2 568 275 
2 275 260 
2 921 507 
2 799 507 
2 654 507 
2 491 470 
2 802 405 
2 215 405 
2 804 405 
2 805 827 
2 806 827 
2 873 827 
2 808 823 
2 680 823 
2 810 823 
2 627 528 
2 812 528 
2 304 528 
